338.33
339.04
339.36
339.73
340.16
339.73
338.21
336.99
336.81
337.57
338.69
339.41
339.96
340.51
341.14
341.42
341.13
340.33
338.97
337.84
337.71
338.78
339.87
340.45
341.09
341.67
341.94
342.22
342.06
341.18
339.45
337.81
337.86
339.32
340.63
341.46
342.07
342.43
342.72
343.2
343.5
343.19
341.83
340.32
340.25
341.44
342.46
343.15
344.04
344.56
344.68
344.93
345.08
344.3
342.94
341.97
341.87
342.74
343.91
344.76
345.1
345.55
346.4
346.69
346.51
346.01
344.71
343.22
343.16
344.42
345.55
346.3
346.86
347.08
347.46
347.98
348.08
347.52
346.06
344.69
344.59
345.77
347.08
347.51
347.75
348.3
349.03
349.73
350
349.23
347.69
346.43
346.47
347.73
349
349.96
350.68
351.24
351.64
352.11
352.24
351.55
350.09
348.91
349.07
350.22
351.42
352.3
352.84
353.29
353.83
354.2
354.05
353.11
351.36
350.01
350.35
351.61
352.79
353.66
354.22
354.62
354.94
355.28
355.19
354.1
352.5
351.38
351.57
352.98
354.22
354.95
355.51
355.91
356.48
357.01
356.89
356.01
354.33
352.83
352.75
353.78
354.92
355.77
356.39
356.72
357.06
357.54
357.6
356.69
354.99
353.4
353.31
354.57
355.75
356.51
356.98
357.32
357.73
358.2
358.15
357.14
355.5
354.18
354.22
355.46
356.69
357.59
358.19
358.72
359.05
359.41
359.43
358.48
356.99
355.79
355.72
356.94
358.4
359.26
359.83
360.3
360.79
361.25
361.14
360.3
358.67
357.39
357.72
359.1
360.44
361.31
361.81
362.14
362.46
362.8
362.94
362.54
361.27
359.77
359.41
360.4
361.52
362.35
362.98
363.31
363.68
364.19
364.24
363.34
361.68
360.14
360.14
361.65
363.34
364.4
364.91
365.22
365.7
366.32
366.58
366.02
364.59
363.57
363.87
365.21
366.45
367.27
367.88
368.26
368.64
369.04
368.97
368.11
366.4
365.07
365.26
366.58
367.85
368.68
369.19
369.48
369.8
370.15
370.04
369.11
367.68
366.51
366.5
367.74
369.12
369.93
370.45
370.9
371.29
371.64
371.57
370.66
369.27
368.12
368.17
369.51
370.86
371.79
372.31
372.69
373.2
373.54
373.52
372.66
371.23
370.16
370.49
371.75
373.09
374.08
374.75
375.29
375.72
376.19
376.33
375.48
373.94
372.71
372.9
374.2
375.48
376.32
376.97
377.49
377.92
378.28
378.21
377.34
375.8
374.34
374.24
375.55
377
377.98
378.58
379
379.61
380.12
380.24
379.41
377.72
376.49
376.56
377.88
379.36
380.34
381.05
381.69
382.1
382.43
382.38
381.52
379.86
378.3
378.42
379.82
381.18
382.14
382.82
383.35
383.81
384.1
383.95
383.08
381.39
380.13
380.5
381.89
383.25
384.27
