0.238
0.231
0.228
0.231
0.228
0.231
0.231
0.231
0.231
0.228
0.228
0.228
0.226
0.226
0.226
0.231
0.226
0.226
0.228
0.226
0.226
0.226
0.226
0.223
0.226
0.223
0.226
0.223
0.223
0.221
0.221
0.221
0.221
0.221
0.219
0.221
0.216
0.219
0.219
0.219
0.216
0.216
0.216
0.216
0.216
0.216
0.216
0.216
0.216
0.216
0.216
0.211
0.214
0.211
0.211
0.211
0.211
0.211
0.211
0.211
0.211
0.211
0.211
0.211
0.209
0.211
0.211
0.211
0.211
0.211
0.211
0.211
0.211
0.211
0.211
0.209
0.211
0.206
0.211
0.209
0.206
0.209
0.206
0.206
0.206
0.206
0.206
0.206
0.204
0.206
0.206
0.209
0.209
0.211
0.211
0.211
0.209
0.206
0.209
0.206
0.211
0.209
0.209
0.209
0.206
0.206
0.206
0.201
0.199
0.201
0.199
0.201
0.201
0.201
0.204
0.206
0.206
0.201
0.201
0.201
0.199
0.201
0.199
0.201
0.201
0.201
0.204
0.204
0.204
0.201
0.201
0.204
0.201
0.201
0.201
0.206
0.206
0.206
0.206
0.206
0.206
0.209
0.206
0.209
0.209
0.209
0.209
0.209
0.209
0.209
0.209
0.206
0.209
0.209
0.211
0.209
0.211
0.211
0.211
0.211
0.211
0.211
0.211
0.214
0.216
0.216
0.216
0.216
0.211
0.214
0.209
0.209
0.206
0.206
0.204
0.201
0.199
0.197
0.197
0.197
0.194
0.189
0.189
0.187
0.187
0.187
0.184
0.182
0.179
0.177
0.175
0.172
0.167
0.165
0.165
0.162
0.158
0.158
0.158
0.153
0.153
0.15
0.148
0.148
0.148
0.143
0.14
0.138
0.138
0.138
0.133
0.131
0.128
0.128
0.123
0.123
0.123
0.121
0.123
0.123
0.118
0.118
0.118
0.116
0.114
0.114
0.114
0.114
0.114
0.114
0.114
0.109
0.109
0.104
0.104
0.101
0.109
0.106
0.109
0.111
0.114
0.114
0.109
0.104
0.099
0.099
0.096
0.096
0.099
0.099
0.101
0.101
0.099
0.094
0.089
0.087
0.092
0.094
0.101
0.109
0.106
0.104
0.099
0.099
0.094
0.096
0.101
0.109
0.114
0.118
0.114
0.114
0.114
0.116
0.118
0.123
0.128
0.133
0.14
0.148
0.15
0.153
0.158
0.16
0.167
0.17
0.172
0.172
0.167
0.17
0.172
0.182
0.189
0.197
0.201
0.206
0.216
0.226
0.228
0.236
0.238
0.238
0.241
0.241
0.245
0.25
0.263
0.267
0.277
0.282
0.289
0.294
0.302
0.306
0.314
0.319
0.324
0.336
0.336
0.328
0.326
0.333
0.348
0.36
0.38
0.387
0.394
0.394
0.394
0.392
0.399
0.402
0.402
0.414
0.426
0.433
0.441
0.441
0.436
0.436
0.436
0.446
0.46
0.473
0.48
0.482
0.48
0.49
0.495
0.49
0.49
0.49
0.492
0.492
0.49
0.49
0.485
0.485
0.492
0.492
0.495
0.49
0.485
0.47
0.455
0.436
0.424
0.431
0.441
0.448
0.443
0.446
0.451
0.446
0.431
0.402
0.382
0.375
0.387
0.409
0.411
0.404
0.402
0.397
0.399
0.397
0.389
0.392
0.402
0.416
0.424
0.424
0.421
0.421
0.421
0.436
0.451
0.46
0.46
0.458
0.46
0.463
0.465
0.46
0.458
0.455
0.463
0.47
0.473
0.485
0.499
0.495
0.49
0.475
0.47
0.465
0.473
0.48
0.482
0.49
0.495
0.499
0.499
0.495
0.492
0.492
0.495
0.492
0.495
0.499
0.499
0.495
0.49
0.49
0.49
0.495
0.507
0.512
0.507
0.495
0.485
0.487
0.497
0.509
0.509
0.495
0.485
0.482
0.485
0.485
0.487
0.482
0.48
0.477
0.473
0.477
0.49
0.495
0.495
0.482
0.47
0.47
0.475
0.48
0.482
0.485
0.502
0.519
0.519
0.514
0.502
0.49
0.485
0.485
0.482
0.492
0.502
0.507
0.507
0.509
0.514
0.516
0.519
0.514
0.512
0.507
0.502
0.495
0.49
0.485
0.48
0.475
0.473
0.47
0.463
0.463
0.463
0.47
0.475
0.485
0.49
0.492
0.49
0.485
0.475
0.47
0.47
0.475
0.49
0.502
0.512
0.519
0.538
0.556
0.565
0.578
0.585
0.592
0.6
0.6
0.59
0.582
0.578
0.587
0.592
0.597
0.602
0.597
0.587
0.57
0.558
0.551
0.553
0.556
0.553
0.536
0.512
0.492
0.499
0.524
0.563
0.585
0.582
0.558
0.524
0.507
0.509
0.524
0.543
0.565
0.573
0.573
0.565
0.548
0.538
0.534
0.529
0.524
0.512
0.495
0.475
0.455
0.446
0.431
0.429
0.429
0.426
0.426
0.421
0.421
0.421
0.426
0.429
0.436
0.443
0.443
0.438
0.436
0.431
0.436
0.446
0.458
0.465
0.465
0.46
0.451
0.451
0.455
0.465
0.47
0.465
0.455
0.443
0.436
0.441
0.446
0.453
0.453
0.451
0.446
0.446
0.451
0.453
0.453
0.451
0.443
0.443
0.441
0.443
0.441
0.441
0.433
0.431
0.431
0.443
0.451
0.46
0.47
0.47
0.465
0.453
0.441
0.431
0.433
0.441
0.453
0.47
0.485
0.485
0.48
0.475
0.47
0.47
0.47
0.48
0.48
0.482
0.485
0.492
0.495
0.499
0.507
0.507
0.502
0.502
0.509
0.509
0.507
0.504
0.502
0.499
0.492
0.49
0.487
0.482
0.475
0.475
0.485
0.495
0.492
0.485
0.475
0.465
0.46
0.46
0.47
0.48
0.49
0.487
0.485
0.487
0.487
0.49
0.499
0.504
0.514
0.519
0.519
0.512
0.507
0.502
0.504
0.507
0.512
0.519
0.519
0.519
0.524
0.519
0.519
0.519
0.514
0.499
0.487
0.482
0.49
0.495
0.507
0.514
0.504
0.49
0.475
0.47
0.46
0.46
0.465
0.47
0.475
0.485
0.482
0.482
0.485
0.49
0.499
0.509
0.514
0.509
0.512
0.514
0.509
0.504
0.502
0.499
0.495
0.492
0.492
0.485
0.475
0.475
0.475
0.475
0.475
0.482
0.48
0.473
0.473
0.473
0.47
0.46
0.455
0.455
0.451
0.446
0.438
0.429
0.421
0.421
0.424
0.416
0.414
0.409
0.404
0.402
0.399
0.402
0.402
0.407
0.411
0.411
0.392
0.387
0.382
0.375
0.372
0.387
0.392
0.387
0.385
0.382
0.377
0.375
0.375
0.365
0.353
0.346
0.346
0.358
0.377
0.385
0.387
0.387
0.382
0.372
0.368
0.375
0.389
0.411
0.424
0.429
0.419
0.404
0.392
0.392
0.402
0.419
0.429
0.426
0.411
0.387
0.377
0.365
0.358
0.363
0.363
0.365
0.365
0.355
0.333
0.319
0.304
0.294
0.289
0.297
0.304
0.306
0.314
0.309
0.314
0.316
0.333
0.336
0.333
0.328
0.328
0.333
0.358
0.387
0.402
0.411
0.404
0.394
0.392
0.394
0.407
0.419
0.426
0.436
0.436
0.436
0.431
0.431
0.429
0.421
0.426
0.424
0.421
0.431
0.433
0.426
0.429
0.429
0.431
0.441
0.446
0.451
0.46
0.455
0.453
0.446
0.446
0.453
0.463
0.475
0.485
0.482
0.47
0.463
0.46
0.46
0.477
0.482
0.49
0.49
0.485
0.477
0.482
0.49
0.492
0.499
0.495
0.497
0.495
0.497
0.509
0.507
0.507
0.509
0.504
0.499
0.509
0.514
0.529
0.538
0.536
0.534
0.529
0.519
0.524
0.529
0.534
0.543
0.543
0.543
0.543
0.541
0.541
0.541
0.543
0.546
0.538
0.529
0.531
0.529
0.531
0.526
0.521
0.514
0.504
0.495
0.492
0.485
0.485
0.48
0.46
0.451
0.436
0.421
0.416
0.421
0.416
0.411
0.397
0.387
0.377
0.377
0.377
0.382
0.387
0.377
0.368
0.358
0.353
0.353
0.36
0.358
0.355
0.348
0.348
0.343
0.343
0.343
0.338
0.346
0.348
0.346
0.343
0.343
0.346
0.346
0.348
0.35
0.353
0.363
0.358
0.355
0.353
0.346
0.336
0.333
0.338
0.336
0.336
0.326
0.324
0.314
0.314
0.314
0.314
0.311
0.314
0.299
0.294
0.284
0.28
0.289
0.297
0.304
0.304
0.299
0.297
0.294
0.289
0.299
0.297
0.304
0.306
0.304
0.314
0.321
0.333
0.341
0.341
0.343
0.343
0.348
0.343
0.338
0.338
0.343
0.348
0.355
0.363
0.36
0.363
0.358
0.365
0.353
0.353
0.358
0.353
0.363
0.363
0.365
0.372
0.368
0.368
0.372
0.368
0.372
0.372
0.38
0.387
0.389
0.392
0.392
0.397
0.397
0.404
0.411
0.402
0.404
0.411
0.411
0.416
0.416
0.424
0.424
0.426
0.433
0.441
0.451
0.458
0.46
0.463
0.465
0.465
0.473
0.477
0.49
0.495
0.512
0.519
0.524
0.529
0.521
0.514
0.512
0.514
0.524
0.534
0.548
0.558
0.551
0.548
0.538
0.531
0.521
0.519
0.519
0.514
0.516
0.512
0.507
0.507
0.509
0.507
0.502
0.49
0.48
0.46
0.451
0.451
0.446
0.448
0.446
0.446
0.441
0.426
0.411
0.394
0.377
0.377
0.377
0.375
0.377
0.368
0.37
0.375
0.375
0.382
0.377
0.37
0.365
0.363
0.36
0.358
0.375
0.385
0.387
0.392
0.385
0.375
0.368
0.363
0.355
0.348
0.343
0.336
0.336
0.338
0.338
0.343
0.353
0.355
0.355
0.341
0.328
0.324
0.319
0.316
0.319
0.316
0.314
0.319
0.314
0.309
0.302
0.302
0.304
0.314
0.324
0.333
0.333
0.328
0.326
0.314
0.309
0.309
0.314
0.324
0.333
0.343
0.343
0.346
0.336
0.336
0.333
0.333
0.328
0.333
0.333
0.346
0.363
0.377
0.387
0.387
0.382
0.368
0.348
0.355
0.368
0.392
0.407
0.404
0.402
0.394
0.397
0.411
0.426
0.441
0.446
0.446
0.448
0.453
0.47
0.492
0.509
0.521
0.521
0.512
0.507
0.507
0.519
0.534
0.538
0.536
0.521
0.504
0.504
0.514
0.531
0.534
0.534
0.519
0.512
0.512
0.514
0.529
0.536
0.536
0.524
0.512
0.495
0.485
0.49
0.504
0.534
0.548
0.57
0.558
0.531
0.509
0.497
0.504
0.524
0.548
0.553
0.543
0.514
0.485
0.46
0.46
0.47
0.482
0.49
0.475
0.451
0.426
0.411
0.402
0.399
0.402
0.411
0.407
0.397
0.387
0.38
0.382
0.38
0.38
0.382
0.368
0.35
0.341
0.333
0.341
0.35
0.363
0.368
0.377
0.382
0.385
0.377
0.358
0.338
0.321
0.314
0.336
0.365
0.385
0.385
0.37
0.35
0.336
0.333
0.338
0.35
0.365
0.372
0.363
0.348
0.341
0.338
0.348
0.36
0.372
0.37
0.368
0.363
0.358
0.372
0.377
0.394
0.414
0.414
0.407
0.407
0.399
0.399
0.411
0.411
0.416
0.426
0.433
0.431
0.424
0.411
0.411
0.421
0.436
0.438
0.441
0.433
0.431
0.433
0.446
0.451
0.463
0.46
0.47
0.463
0.465
0.477
0.482
0.48
0.48
0.463
0.453
0.446
0.431
0.421
0.426
0.424
0.431
0.446
0.465
0.49
0.499
0.514
0.509
0.492
0.48
0.47
0.475
0.49
0.509
0.524
0.541
0.543
0.543
0.543
0.548
0.556
0.563
0.563
0.558
0.548
0.543
0.531
0.529
0.521
0.519
0.512
0.512
0.514
0.507
0.504
0.499
0.499
0.495
0.509
0.514
0.514
0.502
0.477
0.446
0.426
0.416
0.419
0.431
0.433
0.419
0.402
0.382
0.377
0.385
0.397
0.399
0.394
0.377
0.365
0.363
0.375
0.377
0.394
0.392
0.372
0.35
0.333
0.326
0.333
0.348
0.363
0.353
0.314
0.284
0.275
0.277
0.314
0.368
0.402
0.407
0.392
0.355
0.333
0.316
0.333
0.368
0.397
0.402
0.394
0.377
0.363
0.365
0.375
0.394
0.407
0.421
0.421
0.424
0.433
0.451
0.453
0.455
0.453
0.443
0.441
0.441
0.446
0.443
0.441
0.431
0.441
0.451
0.46
0.465
0.463
0.453
0.451
0.441
0.441
0.443
0.46
0.473
0.48
0.495
0.495
0.497
0.49
0.485
0.482
0.49
0.492
0.502
0.509
0.521
0.529
0.536
0.529
0.531
0.516
0.512
0.495
0.499
0.514
0.534
0.546
0.556
0.551
0.558
0.558
0.568
0.578
0.582
0.587
0.582
0.587
0.578
0.587
0.587
0.58
0.573
0.558
0.514
0.499
0.473
0.465
0.47
0.475
0.465
0.46
0.441
0.431
0.419
0.419
0.424
0.431
0.419
0.411
0.404
0.411
0.416
0.429
0.416
0.397
0.377
0.38
0.389
0.402
0.419
0.424
0.421
0.411
0.411
0.397
0.416
0.411
0.407
0.397
0.382
0.377
0.385
0.382
0.394
0.414
0.429
0.431
0.431
0.424
0.411
0.414
0.407
0.407
0.404
0.397
0.407
0.421
0.426
0.441
0.436
0.433
0.424
0.416
0.424
0.426
0.443
0.455
0.463
0.451
0.431
0.407
0.402
0.402
0.409
0.407
0.421
0.419
0.411
0.409
0.419
0.443
0.46
0.477
0.46
0.438
0.414
0.387
0.392
0.407
0.446
0.485
0.504
0.509
0.509
0.504
0.497
0.504
0.499
0.49
0.49
0.485
0.495
0.499
0.495
0.495
0.495
0.499
0.499
0.502
0.516
0.524
0.546
0.556
0.558
0.551
0.536
0.514
0.504
0.504
0.514
0.529
0.534
0.538
0.534
0.514
0.499
0.492
0.48
0.475
0.47
0.455
0.446
0.433
0.431
0.441
0.458
0.47
0.47
0.455
0.431
0.416
0.416
0.421
0.429
0.446
0.448
0.446
0.441
0.431
0.411
0.402
0.402
0.416
0.431
0.436
0.441
0.441
0.446
0.441
0.441
0.436
0.441
0.441
0.436
0.433
0.414
0.389
0.375
0.37
0.372
0.38
0.387
0.402
0.402
0.397
0.389
0.392
0.394
0.402
0.407
0.409
0.411
0.409
0.411
0.414
0.419
0.421
0.424
0.431
0.441
0.451
0.446
0.47
0.463
0.463
0.465
0.482
0.475
0.487
0.49
0.49
0.485
0.475
0.473
0.48
0.47
0.47
0.47
0.48
0.485
0.487
0.482
0.485
0.475
0.47
0.475
0.497
0.514
0.519
0.529
0.519
0.516
0.512
0.519
0.524
0.541
0.538
0.531
0.519
0.519
0.519
0.524
0.524
0.531
0.538
0.538
0.543
0.548
0.565
0.57
0.575
0.558
0.548
0.538
0.538
0.541
0.548
0.553
0.558
0.553
0.538
0.519
0.497
0.49
0.485
0.495
0.497
0.495
0.48
0.47
0.455
0.451
0.448
0.455
0.455
0.453
0.441
0.421
0.407
0.407
0.407
0.402
0.411
0.421
0.429
0.431
0.438
0.446
0.446
0.441
0.436
0.436
0.441
0.446
0.446
0.436
0.421
0.392
0.385
0.397
0.419
0.446
0.47
0.46
0.436
0.414
0.411
0.436
0.46
0.49
0.504
0.485
0.443
0.421
0.416
0.446
0.477
0.497
0.509
0.502
0.48
0.463
0.475
0.499
0.524
0.526
0.529
0.509
0.499
0.482
0.49
0.502
0.519
0.529
0.534
0.519
0.509
0.507
0.499
0.509
0.507
0.519
0.509
0.509
0.509
0.509
0.507
0.507
0.514
0.509
0.509
0.521
0.538
0.531
0.529
0.534
0.534
0.538
0.543
0.556
0.568
0.568
0.556
0.538
0.519
0.514
0.519
0.534
0.543
0.541
0.534
0.521
0.519
0.519
0.534
0.538
0.538
0.531
0.524
0.519
0.529
0.548
0.565
0.57
0.558
0.529
0.509
0.495
0.499
0.512
0.524
0.519
0.504
0.487
0.475
0.475
0.482
0.477
0.47
0.465
0.46
0.455
0.463
0.475
0.48
0.487
0.49
0.497
0.492
0.492
0.49
0.48
0.473
0.473
0.48
0.485
0.492
0.49
0.487
0.48
0.48
0.482
0.49
0.499
0.514
0.521
0.529
0.529
0.531
0.531
0.534
0.531
0.529
0.514
0.499
0.495
0.499
0.507
0.519
0.521
0.521
0.519
0.512
0.507
0.509
0.519
0.536
0.543
0.548
0.538
0.526
0.519
0.516
0.519
0.521
0.519
0.514
0.512
0.509
0.514
0.524
0.538
0.548
0.548
0.541
0.534
0.529
0.529
0.543
0.553
0.553
0.548
0.541
0.531
0.541
0.538
0.543
0.548
0.548
0.541
0.534
0.524
0.521
0.519
0.519
0.514
0.514
0.509
0.514
0.509
0.509
0.509
0.514
0.509
0.509
0.499
0.499
0.499
0.499
0.504
0.512
0.514
0.514
0.509
0.509
0.516
0.524
0.521
0.524
0.519
0.507
0.492
0.47
0.453
0.436
0.421
0.402
0.402
0.409
0.414
0.421
0.426
0.429
0.416
0.402
0.385
0.377
0.382
0.397
0.416
0.433
0.443
0.451
0.451
0.451
0.451
0.431
0.426
0.421
0.416
0.424
0.438
0.458
0.49
0.504
0.499
0.48
0.453
0.443
0.451
0.48
0.507
0.524
0.529
0.512
0.497
0.49
0.48
0.485
0.495
0.509
0.504
0.509
0.504
0.514
0.514
0.519
0.512
0.519
0.514
0.519
0.529
0.524
0.524
0.531
0.541
0.543
0.548
0.538
0.531
0.512
0.509
0.495
0.49
0.482
0.477
0.48
0.49
0.495
0.499
0.495
0.49
0.49
0.487
0.499
0.519
0.543
0.553
0.563
0.558
0.553
0.536
0.524
0.519
0.521
0.534
0.553
0.568
0.578
0.585
0.58
0.573
0.568
0.563
0.56
0.551
0.541
0.538
0.536
0.543
0.548
0.558
0.553
0.543
0.529
0.519
0.512
0.514
0.514
0.512
0.502
0.499
0.499
0.495
0.492
0.499
0.485
0.473
0.47
0.473
0.487
0.495
0.49
0.477
0.455
0.436
0.421
0.419
0.421
0.431
0.436
0.441
0.436
0.436
0.441
0.446
0.455
0.46
0.47
0.47
0.47
0.463
0.473
0.473
0.475
0.473
0.473
0.48
0.48
0.477
0.47
0.48
0.477
0.48
0.477
0.477
0.47
0.47
0.465
0.463
0.46
0.453
0.451
0.455
0.46
0.465
0.48
0.485
0.49
0.487
0.48
0.475
0.485
0.49
0.492
0.487
0.49
0.499
0.495
0.485
0.473
0.475
0.47
0.473
0.473
0.48
0.48
0.485
0.482
0.465
0.47
0.47
0.477
0.485
0.482
0.49
0.497
0.499
0.497
0.49
0.47
0.46
0.453
0.443
0.441
0.458
0.47
0.473
0.482
0.492
0.512
0.519
0.534
0.524
0.524
0.514
0.499
0.502
0.499
0.509
0.519
0.524
0.521
0.519
0.509
0.497
0.485
0.475
0.47
0.475
0.48
0.475
0.477
0.47
0.46
0.453
0.455
0.451
0.443
0.431
0.421
0.416
0.411
0.407
0.402
0.411
0.416
0.416
0.416
0.421
0.416
0.414
0.407
0.394
0.392
0.394
0.402
0.409
0.411
0.397
0.394
0.392
0.382
0.392
0.402
0.411
0.416
0.421
0.411
0.416
0.411
0.414
0.419
0.431
0.446
0.455
0.465
0.458
0.46
0.451
0.453
0.46
0.465
0.463
0.455
0.455
0.455
0.451
0.455
0.458
0.465
0.465
0.465
0.455
0.448
0.448
0.443
0.458
0.47
0.485
0.482
0.482
0.47
0.451
0.436
0.436
0.441
0.448
0.46
0.46
0.46
0.451
0.455
0.46
0.47
0.48
0.482
0.475
0.482
0.485
0.495
0.507
0.504
0.504
0.49
0.48
0.48
0.49
0.514
0.531
0.558
0.556
0.563
0.568
0.57
0.568
0.57
0.568
0.573
0.578
0.575
0.57
0.551
0.538
0.526
0.521
0.519
0.526
0.534
0.529
0.524
0.514
0.499
0.48
0.475
0.47
0.473
0.48
0.485
0.487
0.482
0.475
0.465
0.46
0.451
0.451
0.451
0.47
0.473
0.48
0.482
0.485
0.485
0.49
0.49
0.492
0.499
0.507
0.514
0.521
0.521
0.504
0.482
0.46
0.451
0.443
0.438
0.421
0.411
0.402
0.407
0.404
0.414
0.421
0.416
0.416
0.404
0.387
0.377
0.375
0.387
0.394
0.411
0.414
0.416
0.411
0.407
0.411
0.424
0.438
0.446
0.443
0.429
0.421
0.424
0.451
0.463
0.47
0.47
0.473
0.47
0.475
0.495
0.514
0.529
0.538
0.556
0.565
0.568
0.568
0.57
0.573
0.568
0.568
0.568
0.558
0.553
0.548
0.548
0.556
0.568
0.585
0.587
0.573
0.553
0.534
0.529
0.529
0.541
0.551
0.553
0.551
0.534
0.524
0.514
0.502
0.502
0.504
0.514
0.524
0.514
0.492
0.47
0.455
0.451
0.475
0.492
0.521
0.534
0.524
0.509
0.485
0.47
0.47
0.49
0.507
0.514
0.504
0.485
0.463
0.451
0.463
0.477
0.504
0.524
0.521
0.507
0.492
0.49
0.485
0.499
0.519
0.529
0.524
0.504
0.477
0.46
0.446
0.438
0.451
0.463
0.46
0.455
0.446
0.433
0.421
0.416
0.411
0.411
0.404
0.411
0.421
0.438
0.451
0.465
0.47
0.48
0.495
0.499
0.519
0.538
0.578
0.607
0.626
0.658
0.7
0.746
0.795
0.853
0.912
0.966
1.017
1.051
1.076
1.1
1.125
1.134
1.144
1.132
1.107
1.081
1.056
1.012
0.98
0.941
0.88
0.797
0.685
0.575
0.451
0.343
0.248
0.165
0.089
0.011
-0.062
-0.116
-0.165
-0.031
0.148
0.07
0.101
0.241
-0.719
-0.968
-0.67
0.192
1.032
1.037
1.129
1.559
1.261
0.199
-0.309
-0.524
-0.297
-0.306
-0.116
0.06
0.448
0.509
0.167
-0.236
-0.221
-0.316
-0.253
-0.27
-0.136
-0.121
-0.004
0.099
0.062
0.043
0.255
0.631
0.783
0.636
0.48
0.338
0.328
0.426
0.553
0.656
0.7
0.687
0.651
0.643
0.656
0.709
0.753
0.783
0.763
0.719
0.668
0.626
0.614
0.607
0.612
0.597
0.57
0.56
0.631
0.841
1.076
1.408
1.872
1.974
1.593
1.11
0.875
0.885
0.993
1.117
1.144
1.083
0.978
0.89
0.853
0.832
0.788
0.705
0.587
0.46
0.363
0.284
0.236
0.206
0.187
0.187
0.177
0.167
0.153
0.153
0.16
0.187
0.221
0.265
0.297
0.321
0.324
0.324
0.326
0.333
0.348
0.36
0.375
0.382
0.382
0.382
0.387
0.394
0.404
0.414
0.416
0.416
0.409
0.402
0.402
0.402
0.409
0.414
0.431
0.441
0.451
0.46
0.473
0.475
0.48
0.482
0.482
0.49
0.502
0.514
0.529
0.553
0.573
0.6
0.617
0.636
0.646
0.646
0.656
0.665
0.685
0.705
0.724
0.739
0.746
0.748
0.751
0.753
0.753
0.763
0.766
0.773
0.768
0.761
0.746
0.739
0.729
0.724
0.719
0.714
0.705
0.685
0.673
0.648
0.631
0.614
0.597
0.573
0.538
0.507
0.487
0.485
0.49
0.497
0.492
0.499
0.492
0.49
0.48
0.473
0.465
0.46
0.46
0.463
0.475
0.487
0.507
0.514
0.519
0.519
0.514
0.507
0.507
0.514
0.507
0.502
0.485
0.487
0.49
0.499
0.504
0.499
0.492
0.487
0.499
0.509
0.536
0.551
0.565
0.56
0.558
0.548
0.548
0.551
0.563
0.573
0.587
0.58
0.568
0.556
0.538
0.538
0.543
0.543
0.538
0.529
0.512
0.497
0.49
0.49
0.504
0.509
0.519
0.507
0.499
0.48
0.47
0.463
0.46
0.463
0.46
0.453
0.441
0.438
0.433
0.433
0.438
0.451
0.47
0.48
0.492
0.499
0.507
0.509
0.512
0.519
0.534
0.546
0.558
0.568
0.568
0.578
0.57
0.578
0.573
0.578
0.578
0.575
0.573
0.578
0.578
0.585
0.595
0.595
0.585
0.578
0.565
0.565
0.568
0.578
0.58
0.587
0.585
0.58
0.582
0.587
0.592
0.592
0.597
0.597
0.6
0.595
0.587
0.582
0.573
0.57
0.563
0.553
0.546
0.543
0.538
0.538
0.534
0.536
0.541
0.548
0.556
0.563
0.568
0.57
0.563
0.553
0.546
0.543
0.553
0.558
0.558
0.558
0.558
0.558
0.548
0.548
0.531
0.524
0.519
0.512
0.514
0.507
0.516
0.519
0.524
0.524
0.529
0.514
0.512
0.504
0.502
0.497
0.49
0.475
0.47
0.463
0.465
0.47
0.475
0.497
0.495
0.509
0.504
0.507
0.504
0.512
0.509
0.504
0.495
0.485
0.47
0.47
0.473
0.477
0.48
0.465
0.455
0.443
0.441
0.436
0.451
0.455
0.485
0.509
0.531
0.541
0.526
0.509
0.495
0.497
0.507
0.538
0.548
0.558
0.536
0.519
0.499
0.499
0.492
0.507
0.514
0.519
0.519
0.509
0.514
0.509
0.516
0.519
0.529
0.529
0.534
0.541
0.538
0.529
0.509
0.504
0.499
0.499
0.502
0.512
0.514
0.514
0.516
0.514
0.519
0.509
0.504
0.49
0.49
0.49
0.495
0.49
0.49
0.473
0.47
0.448
0.421
0.387
0.338
0.272
0.204
0.15
0.179
0.368
0.519
0.612
0.619
0.648
0.7
0.626
0.516
0.512
0.56
0.626
0.646
0.668
0.656
0.619
0.582
0.563
0.575
0.617
0.658
0.702
0.719
0.714
0.685
0.651
0.614
0.597
0.59
0.602
0.607
0.607
0.587
0.565
0.538
0.521
0.509
0.504
0.504
0.492
0.48
0.46
0.451
0.436
0.431
0.421
0.416
0.404
0.394
0.382
0.38
0.382
0.387
0.392
0.397
0.402
0.397
0.387
0.368
0.346
0.326
0.314
0.304
0.292
0.284
0.275
0.263
0.267
0.314
0.438
0.578
0.636
0.607
0.509
0.377
0.333
0.368
0.487
0.621
0.719
0.744
0.712
0.661
0.646
0.69
0.778
0.871
0.924
0.939
0.905
0.851
0.797
0.763
0.746
0.731
0.724
0.697
0.658
0.609
0.563
0.519
0.49
0.47
0.448
0.431
0.407
0.392
0.372
0.36
0.353
0.346
0.341
0.333
0.319
0.309
0.302
0.294
0.289
0.289
0.289
0.287
0.289
0.297
0.304
0.324
0.343
0.382
0.409
0.414
0.424
0.421
0.421
0.421
0.453
0.49
0.536
0.553
0.558
0.553
0.538
0.538
0.543
0.558
0.573
0.59
0.597
0.597
0.582
0.573
0.573
0.578
0.575
0.578
0.563
0.548
0.534
0.524
0.524
0.519
0.514
0.507
0.492
0.48
0.46
0.446
0.431
0.414
0.402
0.394
0.392
0.392
0.387
0.385
0.385
0.387
0.375
0.377
0.372
0.375
0.377
0.375
0.368
0.368
0.37
0.372
0.382
0.387
0.385
0.392
0.397
0.409
0.426
0.451
0.47
0.48
0.48
0.477
0.475
0.485
0.504
0.521
0.538
0.543
0.541
0.541
0.543
0.548
0.56
0.565
0.57
0.57
0.568
0.568
0.568
0.582
0.59
0.602
0.607
0.612
0.614
0.617
0.626
0.626
0.621
0.612
0.612
0.609
0.607
0.597
0.597
0.587
0.585
0.573
0.563
0.556
0.543
0.536
0.529
0.519
0.512
0.507
0.497
0.492
0.482
0.485
0.497
0.502
0.504
0.502
0.502
0.509
0.519
0.531
0.524
0.507
0.48
0.46
0.451
0.46
0.473
0.49
0.497
0.495
0.49
0.49
0.495
0.507
0.519
0.529
0.531
0.524
0.521
0.514
0.509
0.509
0.514
0.524
0.531
0.541
0.534
0.529
0.519
0.507
0.502
0.502
0.502
0.499
0.49
0.482
0.475
0.47
0.47
0.465
0.46
0.451
0.441
0.433
0.431
0.431
0.431
0.431
0.431
0.433
0.438
0.446
0.451
0.455
0.451
0.436
0.424
0.421
0.416
0.421
0.421
0.416
0.414
0.421
0.433
0.446
0.458
0.47
0.47
0.48
0.48
0.49
0.487
0.49
0.487
0.482
0.48
0.47
0.46
0.448
0.436
0.426
0.419
0.404
0.404
0.407
0.426
0.438
0.451
0.446
0.448
0.441
0.446
0.451
0.47
0.473
0.48
0.475
0.47
0.465
0.465
0.47
0.46
0.453
0.446
0.431
0.426
0.411
0.404
0.394
0.402
0.402
0.411
0.411
0.411
0.411
0.411
0.419
0.421
0.441
0.451
0.463
0.46
0.465
0.46
0.463
0.463
0.465
0.47
0.47
0.477
0.47
0.475
0.473
0.485
0.49
0.49
0.495
0.495
0.507
0.514
0.529
0.534
0.543
0.548
0.548
0.556
0.551
0.553
0.551
0.558
0.56
0.565
0.553
0.531
0.514
0.485
0.47
0.458
0.446
0.431
0.421
0.394
0.37
0.35
0.343
0.348
0.363
0.375
0.387
0.399
0.404
0.414
0.426
0.429
0.433
0.436
0.438
0.436
0.438
0.431
0.438
0.436
0.446
0.446
0.451
0.446
0.441
0.443
0.443
0.448
0.443
0.443
0.438
0.443
0.436
0.431
0.411
0.407
0.392
0.392
0.377
0.375
0.363
0.353
0.336
0.328
0.314
0.314
0.304
0.304
0.299
0.304
0.304
0.302
0.289
0.28
0.275
0.275
0.28
0.289
0.292
0.289
0.289
0.287
0.284
0.289
0.297
0.306
0.314
0.314
0.314
0.309
0.309
0.319
0.324
0.336
0.336
0.336
0.333
0.328
0.324
0.328
0.328
0.333
0.341
0.35
0.358
0.363
0.37
0.377
0.382
0.392
0.394
0.404
0.407
0.414
0.419
0.419
0.421
0.416
0.424
0.421
0.426
0.429
0.431
0.431
0.441
0.446
0.451
0.451
0.451
0.438
0.426
0.419
0.426
0.438
0.455
0.46
0.458
0.453
0.465
0.473
0.487
0.492
0.495
0.485
0.48
0.475
0.477
0.48
0.485
0.482
0.482
0.473
0.47
0.465
0.47
0.465
0.47
0.465
0.47
0.465
0.46
0.455
0.451
0.443
0.443
0.451
0.455
0.458
0.455
0.451
0.446
0.441
0.433
0.431
0.429
0.424
0.424
0.421
0.416
0.419
0.421
0.421
0.419
0.414
0.411
0.411
0.397
0.394
0.387
0.375
0.365
0.35
0.343
0.338
0.348
0.358
0.365
0.365
0.355
0.35
0.343
0.348
0.353
0.355
0.353
0.346
0.343
0.346
0.348
0.353
0.353
0.35
0.343
0.343
0.343
0.343
0.348
0.353
0.353
0.353
0.358
0.36
0.363
0.363
0.353
0.348
0.336
0.333
0.333
0.324
0.324
0.324
0.324
0.324
0.328
0.333
0.333
0.341
0.348
0.355
0.372
0.38
0.392
0.402
0.407
0.411
0.404
0.411
0.414
0.416
0.433
0.443
0.458
0.463
0.463
0.473
0.47
0.48
0.482
0.49
0.495
0.492
0.492
0.487
0.49
0.492
0.499
0.514
0.521
0.529
0.529
0.531
0.524
0.529
0.531
0.543
0.556
0.558
0.573
0.568
0.568
0.568
0.568
0.578
0.585
0.587
0.587
0.585
0.582
0.578
0.58
0.582
0.582
0.582
0.578
0.568
0.56
0.551
0.548
0.548
0.538
0.524
0.504
0.473
0.441
0.402
0.368
0.336
0.324
0.377
0.465
0.551
0.641
0.687
0.69
0.658
0.609
0.563
0.548
0.578
0.626
0.69
0.717
0.705
0.651
0.592
0.57
0.573
0.609
0.646
0.663
0.646
0.607
0.578
0.563
0.575
0.59
0.602
0.597
0.58
0.548
0.514
0.497
0.49
0.492
0.49
0.48
0.47
0.455
0.446
0.438
0.426
0.426
0.416
0.409
0.399
0.392
0.382
0.387
0.385
0.38
0.377
0.375
0.375
0.372
0.453
0.536
0.551
0.538
0.661
0.748
0.502
0.372
0.289
0.343
0.519
0.421
0.241
0.201
0.534
0.529
0.197
-0.14
-0.172
-0.182
-0.104
-0.035
0.15
0.26
0.199
0.045
-0.072
-0.092
-0.05
0.009
0.018
0.004
-0.053
-0.082
-0.072
-0.033
0.006
0.013
-0.004
-0.028
-0.038
-0.023
-0.006
0.001
0.26
0.836
1.344
1.654
1.769
1.676
1.444
1.193
0.971
0.919
0.993
1.147
1.303
1.4
1.352
1.212
1.061
0.968
0.941
0.973
1.037
1.088
1.085
1.02
0.905
0.805
0.739
0.687
0.661
0.641
0.617
0.587
0.558
0.536
0.529
0.512
0.495
0.451
0.451
0.543
0.69
0.792
0.805
0.729
0.59
0.446
0.372
0.365
0.407
0.465
0.519
0.546
0.524
0.455
0.375
0.328
0.309
0.284
0.267
0.25
0.255
0.28
0.282
0.275
0.245
0.211
0.189
0.189
0.211
0.238
0.26
0.27
0.265
0.267
0.265
0.265
0.267
0.255
0.236
0.219
0.228
0.226
0.534
0.827
1.056
1.085
0.905
0.69
0.56
0.504
0.595
0.783
1.01
1.168
1.195
1.137
1.042
0.963
0.949
0.949
0.968
0.966
0.915
0.824
0.724
0.665
0.675
0.729
0.792
0.832
0.817
0.766
0.709
0.661
0.651
0.663
0.7
0.724
0.741
0.753
0.761
0.775
0.792
0.81
0.817
0.822
0.827
0.832
0.836
0.849
0.846
0.841
0.827
0.814
0.805
0.797
0.783
0.763
0.731
0.685
0.636
0.592
0.568
0.551
0.534
0.519
0.48
0.443
0.382
0.402
0.402
0.402
0.411
0.411
0.411
0.419
0.436
0.421
0.495
0.465
0.431
0.512
0.436
0.416
0.414
0.407
0.441
0.463
0.485
0.495
0.49
0.485
0.487
0.504
0.529
0.563
0.58
0.595
0.602
0.607
0.612
0.607
0.612
0.617
0.621
0.631
0.634
0.646
0.646
0.653
0.656
0.658
0.656
0.658
0.661
0.658
0.661
0.658
0.661
0.646
0.641
0.636
0.621
0.631
0.619
0.614
0.592
0.58
0.582
0.587
0.597
0.607
0.602
0.587
0.57
0.548
0.531
0.519
0.524
0.529
0.536
0.538
0.531
0.521
0.509
0.509
0.509
0.502
0.492
0.485
0.477
0.47
0.453
0.446
0.441
0.436
0.446
0.46
0.47
0.477
0.477
0.482
0.495
0.502
0.509
0.519
0.531
0.543
0.558
0.57
0.578
0.587
0.587
0.59
0.59
0.604
0.617
0.617
0.604
0.578
0.558
0.551
0.558
0.573
0.592
0.602
0.59
0.578
0.57
0.573
0.582
0.595
0.597
0.604
0.602
0.597
0.592
0.592
0.592
0.582
0.587
0.578
0.578
0.578
0.582
0.578
0.57
0.568
0.558
0.568
0.568
0.563
0.553
0.543
0.536
0.526
0.529
0.538
0.546
0.548
0.541
0.548
0.548
0.553
0.568
0.573
0.578
0.578
0.573
0.568
0.573
0.568
0.568
0.558
0.556
0.563
0.578
0.585
0.582
0.578
0.57
0.57
0.578
0.582
0.59
0.582
0.578
0.558
0.563
0.556
0.558
0.563
0.563
0.563
0.551
0.553
0.546
0.538
0.521
0.509
0.495
0.48
0.477
0.47
0.473
0.473
0.485
0.49
0.49
0.473
0.451
0.416
0.387
0.365
0.348
0.333
0.316
0.309
0.306
0.314
0.321
0.326
0.331
0.321
0.314
0.299
0.265
0.148
0.074
0.018
-0.001
0.057
0.138
0.219
0.238
0.211
0.148
0.067
-0.001
-0.038
-0.018
0.04
0.106
0.145
0.138
0.092
0.026
-0.028
-0.043
-0.028
0.016
0.05
0.082
0.092
0.084
0.06
0.04
0.031
0.035
0.06
0.087
0.099
0.092
0.079
0.082
0.072
0.07
0.05
0.028
0.016
0.011
0.011
0.004
-0.018
-0.053
-0.087
-0.106
-0.114
-0.114
-0.101
-0.094
-0.094
-0.092
-0.092
-0.092
-0.092
-0.082
-0.074
-0.077
-0.092
-0.111
-0.126
-0.118
-0.096
-0.072
-0.067
-0.096
-0.145
-0.204
-0.243
-0.25
-0.226
-0.184
-0.143
-0.106
-0.096
-0.096
-0.106
-0.114
-0.121
-0.123
-0.128
-0.136
-0.133
-0.126
-0.118
-0.116
-0.123
-0.143
-0.17
-0.201
-0.221
-0.214
-0.184
-0.143
-0.116
-0.096
-0.096
-0.101
-0.118
-0.133
-0.143
-0.143
-0.143
-0.136
-0.126
-0.118
-0.116
-0.106
-0.096
-0.089
-0.082
-0.092
-0.121
-0.165
-0.197
-0.209
-0.206
-0.179
-0.153
-0.118
-0.096
-0.087
-0.089
-0.104
-0.114
-0.126
-0.131
-0.131
-0.106
-0.082
-0.057
-0.045
-0.053
-0.065
-0.082
-0.089
-0.096
-0.096
-0.092
-0.089
-0.096
-0.114
-0.143
-0.172
-0.192
-0.192
-0.177
-0.145
-0.099
-0.055
-0.016
0.009
0.016
0.006
-0.013
-0.028
-0.045
-0.053
-0.067
-0.077
-0.079
-0.065
-0.045
-0.035
-0.04
-0.057
-0.072
-0.082
-0.082
-0.082
-0.079
-0.082
-0.092
-0.096
-0.101
-0.092
-0.077
-0.072
-0.072
-0.072
-0.077
-0.077
-0.079
-0.087
-0.104
-0.126
-0.148
-0.172
-0.179
-0.179
-0.165
-0.16
-0.16
-0.175
-0.192
-0.199
-0.199
-0.187
-0.179
-0.172
-0.179
-0.182
-0.182
-0.16
-0.14
-0.131
-0.123
-0.116
-0.106
-0.106
-0.106
-0.121
-0.133
-0.138
-0.136
-0.145
-0.155
-0.175
-0.189
-0.184
-0.162
-0.121
-0.077
-0.035
0.004
0.05
0.106
0.17
0.241
0.294
0.319
0.341
0.343
0.377
0.402
0.482
0.607
0.724
0.761
0.69
0.568
0.499
0.47
0.502
0.563
0.631
0.68
0.685
0.641
0.59
0.553
0.548
0.578
0.617
0.641
0.626
0.59
0.538
0.495
0.48
0.504
0.541
0.568
0.57
0.543
0.519
0.499
0.499
0.519
0.534
0.548
0.541
0.529
0.504
0.49
0.485
0.49
0.504
0.514
0.514
0.504
0.49
0.473
0.458
0.451
0.451
0.46
0.465
0.463
0.453
0.446
0.436
0.438
0.436
0.436
0.433
0.431
0.426
0.424
0.436
0.453
0.465
0.465
0.46
0.463
0.48
0.497
0.509
0.519
0.519
0.524
0.529
0.534
0.546
0.56
0.573
0.578
0.58
0.58
0.578
0.578
0.582
0.58
0.58
0.578
0.575
0.568
0.573
0.578
0.58
0.58
0.575
0.568
0.56
0.553
0.551
0.543
0.538
0.529
0.521
0.519
0.519
0.524
0.529
0.519
0.514
0.499
0.485
0.482
0.485
0.492
0.497
0.499
0.497
0.495
0.49
0.495
0.497
0.502
0.509
0.519
0.529
0.534
0.538
0.543
0.548
0.548
0.548
0.548
0.56
0.582
0.597
0.609
0.609
0.597
0.58
0.568
0.57
0.58
0.6
0.612
0.619
0.617
0.607
0.597
0.597
0.6
0.6
0.597
0.597
0.592
0.587
0.582
0.582
0.582
0.582
0.58
0.575
0.568
0.553
0.538
0.529
0.529
0.531
0.536
0.538
0.538
0.538
0.534
0.541
0.548
0.548
0.548
0.551
0.551
0.551
0.558
0.568
0.57
0.573
0.575
0.578
0.582
0.592
0.6
0.607
0.607
0.597
0.587
0.582
0.578
0.597
0.626
0.651
0.67
0.675
0.675
0.656
0.646
0.641
0.651
0.656
0.663
0.665
0.648
0.631
0.619
0.609
0.6
0.602
0.6
0.597
0.59
0.59
0.587
0.585
0.59
0.592
0.587
0.578
0.57
0.563
0.56
0.558
0.563
0.568
0.56
0.558
0.553
0.558
0.558
0.573
0.59
0.597
0.607
0.604
0.597
0.597
0.595
0.59
0.587
0.578
0.568
0.563
0.56
0.563
0.563
0.575
0.582
0.59
0.6
0.612
0.617
0.636
0.648
0.656
0.661
0.658
0.661
0.653
0.648
0.651
0.646
0.636
0.612
0.597
0.582
0.565
0.548
0.534
0.516
0.502
0.49
0.48
0.465
0.458
0.448
0.431
0.426
0.426
0.438
0.451
0.453
0.451
0.443
0.436
0.441
0.451
0.473
0.49
0.497
0.502
0.499
0.499
0.502
0.519
0.538
0.553
0.563
0.568
0.573
0.578
0.58
0.578
0.582
0.58
0.578
0.573
0.568
0.573
0.573
0.58
0.58
0.578
0.573
0.57
0.57
0.573
0.575
0.575
0.563
0.541
0.519
0.499
0.49
0.495
0.499
0.499
0.495
0.485
0.475
0.485
0.499
0.509
0.529
0.529
0.534
0.529
0.516
0.502
0.492
0.485
0.492
0.509
0.521
0.519
0.521
0.514
0.504
0.512
0.524
0.541
0.558
0.58
0.585
0.582
0.57
0.568
0.573
0.573
0.57
0.568
0.56
0.558
0.548
0.538
0.534
0.534
0.546
0.558
0.563
0.558
0.551
0.551
0.558
0.568
0.558
0.551
0.541
0.548
0.556
0.558
0.556
0.548
0.543
0.543
0.541
0.534
0.526
0.516
0.514
0.514
0.519
0.519
0.519
0.524
0.524
0.524
0.524
0.519
0.516
0.526
0.538
0.548
0.558
0.563
0.573
0.578
0.582
0.585
0.59
0.59
0.592
0.592
0.587
0.578
0.548
0.529
0.524
0.526
0.534
0.548
0.558
0.548
0.534
0.519
0.504
0.49
0.48
0.48
0.48
0.485
0.497
0.507
0.509
0.509
0.507
0.512
0.524
0.543
0.548
0.538
0.538
0.536
0.543
0.548
0.553
0.551
0.548
0.541
0.526
0.504
0.499
0.497
0.502
0.514
0.529
0.538
0.529
0.529
0.529
0.529
0.531
0.534
0.534
0.536
0.538
0.534
0.543
0.548
0.563
0.58
0.602
0.607
0.592
0.57
0.553
0.546
0.553
0.568
0.57
0.57
0.558
0.541
0.534
0.534
0.543
0.543
0.538
0.529
0.519
0.514
0.502
0.492
0.485
0.495
0.509
0.509
0.49
0.473
0.46
0.463
0.463
0.46
0.465
0.47
0.475
0.473
0.475
0.465
0.451
0.436
0.431
0.436
0.443
0.458
0.463
0.46
0.453
0.458
0.451
0.446
0.451
0.458
0.47
0.48
0.485
0.48
0.477
0.477
0.475
0.473
0.47
0.47
0.47
0.48
0.49
0.487
0.49
0.49
0.49
0.492
0.497
0.502
0.512
0.512
0.514
0.512
0.509
0.502
0.504
0.499
0.497
0.499
0.509
0.521
0.516
0.499
0.487
0.475
0.463
0.463
0.47
0.473
0.48
0.485
0.485
0.48
0.475
0.47
0.46
0.46
0.47
0.473
0.475
0.48
0.48
0.47
0.47
0.48
0.492
0.512
0.524
0.529
0.524
0.514
0.504
0.504
0.512
0.514
0.519
0.514
0.502
0.495
0.49
0.495
0.509
0.526
0.536
0.546
0.538
0.529
0.524
0.529
0.529
0.529
0.519
0.514
0.514
0.512
0.516
0.512
0.502
0.499
0.502
0.504
0.512
0.512
0.504
0.495
0.49
0.49
0.497
0.504
0.509
0.516
0.516
0.502
0.495
0.492
0.502
0.509
0.512
0.502
0.492
0.482
0.47
0.463
0.465
0.47
0.48
0.499
0.504
0.502
0.49
0.477
0.482
0.495
0.507
0.514
0.519
0.512
0.499
0.49
0.492
0.502
0.509
0.519
0.519
0.509
0.499
0.492
0.49
0.499
0.504
0.512
0.519
0.519
0.524
0.524
0.534
0.534
0.531
0.524
0.529
0.538
0.548
0.548
0.548
0.536
0.531
0.529
0.521
0.531
0.531
0.529
0.519
0.507
0.502
0.504
0.519
0.521
0.519
0.499
0.475
0.47
0.475
0.485
0.495
0.499
0.512
0.514
0.504
0.485
0.465
0.446
0.438
0.429
0.429
0.441
0.451
0.47
0.48
0.48
0.47
0.451
0.443
0.446
0.446
0.451
0.465
0.475
0.477
0.48
0.463
0.441
0.421
0.416
0.416
0.416
0.414
0.419
0.436
0.441
0.436
0.426
0.411
0.397
0.387
0.382
0.387
0.394
0.402
0.404
0.402
0.394
0.382
0.382
0.377
0.365
0.363
0.358
0.353
0.365
0.372
0.377
0.387
0.377
0.37
0.36
0.355
0.358
0.365
0.363
0.353
0.358
0.363
0.372
0.377
0.372
0.363
0.363
0.355
0.338
0.324
0.314
0.324
0.343
0.353
0.368
0.368
0.348
0.324
0.321
0.326
0.341
0.353
0.353
0.338
0.324
0.314
0.314
0.324
0.324
0.326
0.328
0.333
0.343
0.343
0.363
0.372
0.372
0.382
0.375
0.365
0.368
0.372
0.389
0.411
0.426
0.436
0.436
0.433
0.429
0.421
0.426
0.429
0.424
0.429
0.433
0.436
0.441
0.429
0.429
0.431
0.436
0.443
0.455
0.453
0.455
0.453
0.458
0.47
0.485
0.495
0.499
0.495
0.49
0.497
0.507
0.516
0.519
0.514
0.519
0.519
0.529
0.531
0.531
0.529
0.531
0.529
0.548
0.563
0.563
0.568
0.575
0.578
0.58
0.582
0.582
0.597
0.607
0.609
0.614
0.612
0.602
0.587
0.58
0.573
0.568
0.558
0.548
0.538
0.529
0.514
0.499
0.49
0.475
0.47
0.47
0.475
0.473
0.47
0.475
0.485
0.49
0.485
0.48
0.47
0.475
0.48
0.485
0.499
0.504
0.514
0.507
0.499
0.49
0.473
0.463
0.47
0.482
0.499
0.509
0.502
0.485
0.455
0.433
0.421
0.424
0.443
0.455
0.46
0.463
0.451
0.426
0.416
0.407
0.414
0.421
0.426
0.426
0.416
0.404
0.399
0.392
0.392
0.392
0.382
0.387
0.38
0.372
0.363
0.368
0.363
0.355
0.353
0.353
0.353
0.353
0.353
0.348
0.338
0.326
0.309
0.304
0.306
0.309
0.319
0.316
0.306
0.299
0.304
0.306
0.304
0.306
0.304
0.316
0.319
0.324
0.321
0.314
0.306
0.314
0.314
0.324
0.338
0.343
0.35
0.353
0.353
0.35
0.343
0.338
0.333
0.328
0.333
0.336
0.348
0.343
0.343
0.326
0.328
0.319
0.321
0.324
0.326
0.319
0.324
0.324
0.328
0.333
0.338
0.343
0.338
0.343
0.341
0.343
0.353
0.368
0.372
0.368
0.372
0.375
0.377
0.402
0.411
0.414
0.402
0.387
0.387
0.397
0.411
0.426
0.433
0.433
0.436
0.443
0.443
0.446
0.455
0.465
0.477
0.482
0.485
0.48
0.475
0.47
0.47
0.473
0.47
0.473
0.47
0.47
0.48
0.48
0.48
0.473
0.463
0.47
0.475
0.477
0.482
0.482
0.487
0.499
0.509
0.521
0.529
0.529
0.529
0.534
0.548
0.558
0.568
0.592
0.607
0.617
0.612
0.597
0.58
0.568
0.556
0.538
0.531
0.524
0.521
0.516
0.499
0.48
0.46
0.446
0.433
0.416
0.407
0.392
0.397
0.389
0.387
0.377
0.355
0.338
0.324
0.324
0.328
0.333
0.333
0.324
0.304
0.289
0.27
0.275
0.27
0.284
0.294
0.304
0.299
0.304
0.304
0.299
0.294
0.292
0.289
0.284
0.297
0.299
0.304
0.302
0.289
0.294
0.304
0.304
0.316
0.324
0.316
0.319
0.316
0.314
0.299
0.304
0.309
0.314
0.321
0.324
0.328
0.326
0.319
0.314
0.314
0.309
0.319
0.321
0.328
0.333
0.326
0.333
0.331
0.336
0.336
0.343
0.346
0.341
0.341
0.343
0.353
0.372
0.382
0.38
0.375
0.363
0.368
0.372
0.385
0.392
0.394
0.397
0.394
0.411
0.424
0.431
0.436
0.431
0.426
0.429
0.438
0.446
0.465
0.475
0.487
0.49
0.495
0.499
0.499
0.507
0.519
0.534
0.534
0.538
0.529
0.514
0.516
0.521
0.529
0.534
0.541
0.534
0.529
0.519
0.514
0.504
0.499
0.504
0.516
0.521
0.519
0.514
0.499
0.492
0.499
0.509
0.524
0.536
0.538
0.538
0.524
0.514
0.509
0.509
0.519
0.524
0.538
0.543
0.534
0.524
0.519
0.529
0.543
0.568
0.59
0.6
0.595
0.575
0.556
0.541
0.538
0.546
0.558
0.556
0.548
0.529
0.504
0.473
0.451
0.441
0.436
0.443
0.436
0.426
0.411
0.397
0.392
0.387
0.392
0.397
0.392
0.382
0.377
0.363
0.36
0.358
0.363
0.372
0.375
0.372
0.363
0.348
0.343
0.353
0.368
0.392
0.392
0.38
0.363
0.35
0.358
0.368
0.392
0.399
0.402
0.397
0.38
0.368
0.358
0.355
0.363
0.372
0.372
0.385
0.377
0.37
0.368
0.365
0.358
0.358
0.363
0.36
0.36
0.358
0.368
0.372
0.385
0.397
0.402
0.402
0.397
0.392
0.387
0.397
0.399
0.407
0.416
0.416
0.421
0.416
0.404
0.392
0.377
0.382
0.397
0.411
0.433
0.431
0.419
0.407
0.402
0.409
0.424
0.436
0.441
0.446
0.441
0.441
0.451
0.46
0.465
0.47
0.47
0.47
0.47
0.47
0.48
0.49
0.499
0.509
0.514
0.519
0.514
0.516
0.519
0.524
0.534
0.538
0.546
0.548
0.551
0.553
0.548
0.543
0.548
0.548
0.558
0.563
0.563
0.568
0.56
0.56
0.553
0.553
0.558
0.57
0.578
0.578
0.578
0.57
0.568
0.568
0.563
0.565
0.573
0.578
0.585
0.582
0.587
0.582
0.573
0.57
0.568
0.57
0.568
0.568
0.578
0.578
0.57
0.57
0.563
0.558
0.56
0.568
0.57
0.563
0.558
0.546
0.543
0.538
0.543
0.546
0.541
0.529
0.514
0.502
0.495
0.504
0.512
0.512
0.509
0.495
0.48
0.455
0.446
0.441
0.441
0.436
0.426
0.416
0.407
0.414
0.424
0.431
0.431
0.429
0.426
0.426
0.436
0.441
0.451
0.46
0.46
0.46
0.46
0.455
0.475
0.49
0.504
0.509
0.504
0.499
0.499
0.502
0.514
0.521
0.529
0.529
0.529
0.531
0.534
0.548
0.558
0.558
0.556
0.543
0.531
0.524
0.521
0.531
0.534
0.529
0.521
0.509
0.504
0.507
0.502
0.512
0.514
0.514
0.512
0.502
0.502
0.499
0.495
0.497
0.49
0.492
0.49
0.492
0.499
0.495
0.499
0.499
0.492
0.499
0.502
0.512
0.519
0.521
0.526
0.519
0.521
0.526
0.529
0.536
0.534
0.529
0.529
0.519
0.507
0.509
0.516
0.531
0.548
0.553
0.556
0.551
0.551
0.543
0.546
0.553
0.563
0.578
0.585
0.582
0.582
0.573
0.573
0.57
0.568
0.568
0.573
0.578
0.58
0.582
0.585
0.587
0.592
0.59
0.59
0.582
0.573
0.578
0.578
0.573
0.568
0.563
0.56
0.548
0.553
0.553
0.548
0.551
0.548
0.558
0.558
0.553
0.543
0.529
0.524
0.516
0.519
0.521
0.521
0.519
0.514
0.504
0.499
0.49
0.49
0.497
0.502
0.499
0.499
0.495
0.482
0.485
0.485
0.49
0.49
0.49
0.49
0.485
0.473
0.46
0.46
0.458
0.47
0.475
0.47
0.46
0.443
0.433
0.433
0.441
0.455
0.46
0.465
0.455
0.451
0.451
0.46
0.47
0.473
0.477
0.475
0.47
0.47
0.465
0.475
0.48
0.473
0.47
0.47
0.465
0.465
0.47
0.47
0.465
0.47
0.473
0.465
0.47
0.463
0.465
0.465
0.46
0.46
0.451
0.441
0.429
0.421
0.411
0.407
0.404
0.404
0.407
0.411
0.404
0.402
0.394
0.399
0.402
0.411
0.421
0.426
0.433
0.438
0.431
0.431
0.421
0.431
0.455
0.477
0.477
0.48
0.47
0.47
0.482
0.504
0.514
0.519
0.499
0.49
0.495
0.502
0.512
0.531
0.538
0.534
0.519
0.509
0.507
0.512
0.529
0.543
0.556
0.56
0.553
0.548
0.534
0.519
0.514
0.514
0.524
0.536
0.538
0.543
0.538
0.531
0.524
0.519
0.524
0.519
0.519
0.524
0.519
0.516
0.519
0.509
0.519
0.529
0.529
0.529
0.519
0.507
0.502
0.502
0.509
0.514
0.514
0.516
0.519
0.521
0.534
0.548
0.551
0.551
0.56
0.563
0.573
0.58
0.58
0.575
0.568
0.558
0.553
0.553
0.558
0.563
0.558
0.548
0.534
0.529
0.524
0.531
0.541
0.548
0.553
0.548
0.553
0.551
0.556
0.563
0.563
0.56
0.56
0.556
0.553
0.553
0.551
0.543
0.534
0.521
0.512
0.499
0.504
0.512
0.519
0.529
0.538
0.541
0.541
0.546
0.548
0.553
0.548
0.543
0.534
0.524
0.519
0.519
0.521
0.524
0.524
0.524
0.529
0.538
0.548
0.558
0.558
0.548
0.548
0.548
0.548
0.538
0.529
0.519
0.504
0.499
0.482
0.482
0.475
0.48
0.49
0.492
0.504
0.507
0.509
0.507
0.519
0.534
0.553
0.57
0.578
0.58
0.578
0.582
0.587
0.597
0.607
0.607
0.602
0.585
0.573
0.57
0.573
0.582
0.587
0.597
0.604
0.604
0.6
0.597
0.602
0.602
0.607
0.602
0.595
0.587
0.582
0.58
0.573
0.573
0.57
0.563
0.57
0.568
0.573
0.58
0.587
0.585
0.578
0.56
0.543
0.541
0.553
0.57
0.575
0.585
0.578
0.573
0.57
0.57
0.575
0.578
0.582
0.578
0.578
0.57
0.558
0.548
0.538
0.543
0.548
0.553
0.553
0.538
0.529
0.509
0.497
0.492
0.492
0.492
0.49
0.485
0.485
0.48
0.477
0.48
0.473
0.48
0.485
0.49
0.495
0.504
0.507
0.499
0.497
0.49
0.48
0.475
0.47
0.465
0.47
0.477
0.482
0.487
0.485
0.485
0.48
0.49
0.495
0.499
0.514
0.534
0.536
0.538
0.529
0.531
0.531
0.538
0.538
0.538
0.538
0.534
0.529
0.531
0.548
0.551
0.568
0.582
0.582
0.578
0.58
0.578
0.56
0.548
0.529
0.514
0.502
0.49
0.485
0.482
0.48
0.48
0.475
0.473
0.47
0.465
0.465
0.47
0.475
0.48
0.477
0.473
0.465
0.463
0.458
0.47
0.487
0.507
0.509
0.507
0.499
0.499
0.509
0.516
0.534
0.538
0.534
0.531
0.524
0.524
0.529
0.548
0.56
0.58
0.585
0.582
0.57
0.578
0.575
0.582
0.592
0.602
0.614
0.617
0.609
0.587
0.597
0.607
0.621
0.641
0.646
0.636
0.626
0.619
0.617
0.626
0.629
0.636
0.631
0.621
0.607
0.602
0.607
0.626
0.658
0.673
0.673
0.658
0.641
0.629
0.621
0.631
0.639
0.631
0.612
0.578
0.56
0.551
0.563
0.573
0.595
0.597
0.602
0.604
0.602
0.597
0.595
0.58
0.568
0.57
0.573
0.578
0.57
0.56
0.538
0.514
0.502
0.497
0.507
0.521
0.538
0.534
0.516
0.49
0.485
0.49
0.504
0.519
0.524
0.499
0.475
0.463
0.455
0.458
0.475
0.504
0.551
0.617
0.69
0.763
0.822
0.851
0.863
0.868
0.853
0.844
0.841
0.822
0.802
0.775
0.753
0.739
0.705
0.665
0.621
0.558
0.519
0.485
0.451
0.416
0.37
0.304
0.221
0.138
0.07
0.018
-0.006
0.062
0.145
0.055
0.062
-0.746
-2.035
-2.888
-2.888
-2.314
-1.342
-0.15
0.917
0.9
1.012
1.359
1.247
0.748
0.197
-0.136
-0.194
-0.114
0.089
0.255
0.338
0.26
0.201
0.382
0.656
0.973
1.144
1.137
1.056
0.89
0.685
0.656
0.714
0.658
0.441
0.272
0.226
0.272
0.382
0.543
0.705
0.792
0.69
0.57
0.509
0.475
0.536
0.626
0.692
0.724
0.663
0.529
0.411
0.336
0.328
0.382
0.473
0.551
0.617
0.636
0.629
0.597
0.568
0.538
0.499
0.46
0.411
0.37
0.338
0.328
0.333
0.36
0.387
0.411
0.438
0.455
0.477
0.502
0.529
0.558
0.57
0.578
0.57
0.568
0.641
0.841
1.11
1.305
1.469
1.828
2.14
2.084
1.833
1.613
1.505
1.484
1.442
1.349
1.193
1.017
0.897
0.856
0.88
0.944
0.993
0.985
0.91
0.805
0.717
0.668
0.651
0.656
0.656
0.639
0.6
0.553
0.521
0.504
0.502
0.507
0.512
0.507
0.49
0.46
0.436
0.421
0.411
0.407
0.404
0.409
0.409
0.404
0.397
0.387
0.382
0.382
0.392
0.402
0.402
0.402
0.411
0.411
0.411
0.411
0.411
0.411
0.411
0.419
0.421
0.424
0.421
0.433
0.443
0.47
0.516
0.529
0.524
0.531
0.546
0.543
0.548
0.573
0.602
0.621
0.631
0.626
0.602
0.592
0.597
0.621
0.646
0.661
0.665
0.658
0.641
0.626
0.619
0.619
0.617
0.617
0.607
0.597
0.58
0.573
0.57
0.568
0.568
0.568
0.56
0.551
0.543
0.534
0.529
0.521
0.524
0.516
0.514
0.512
0.507
0.504
0.504
0.504
0.509
0.509
0.509
0.512
0.509
0.516
0.514
0.516
0.519
0.526
0.534
0.538
0.543
0.541
0.541
0.538
0.531
0.531
0.529
0.538
0.538
0.548
0.551
0.548
0.548
0.543
0.543
0.543
0.551
0.553
0.563
0.568
0.573
0.57
0.568
0.568
0.568
0.57
0.568
0.568
0.568
0.56
0.556
0.553
0.548
0.548
0.551
0.548
0.548
0.548
0.548
0.543
0.538
0.541
0.538
0.536
0.534
0.534
0.529
0.524
0.529
0.529
0.524
0.519
0.519
0.514
0.512
0.512
0.514
0.504
0.499
0.495
0.492
0.495
0.504
0.516
0.521
0.529
0.529
0.529
0.536
0.538
0.543
0.538
0.538
0.534
0.534
0.536
0.541
0.546
0.541
0.534
0.529
0.524
0.516
0.519
0.509
0.499
0.499
0.504
0.509
0.519
0.526
0.534
0.529
0.529
0.519
0.514
0.514
0.524
0.524
0.534
0.548
0.529
0.58
0.602
0.607
0.587
0.548
0.514
0.49
0.507
0.512
0.509
0.507
0.482
0.47
0.46
0.463
0.46
0.463
0.46
0.46
0.46
0.46
0.465
0.465
0.47
0.473
0.48
0.48
0.48
0.482
0.482
0.475
0.475
0.48
0.48
0.48
0.477
0.47
0.473
0.473
0.482
0.497
0.502
0.514
0.519
0.504
0.49
0.475
0.47
0.475
0.482
0.485
0.49
0.492
0.485
0.477
0.473
0.47
0.47
0.47
0.48
0.485
0.485
0.485
0.49
0.485
0.473
0.47
0.47
0.463
0.46
0.455
0.441
0.426
0.421
0.411
0.411
0.407
0.411
0.416
0.421
0.421
0.419
0.421
0.426
0.443
0.46
0.473
0.47
0.47
0.463
0.46
0.458
0.46
0.46
0.465
0.47
0.473
0.47
0.465
0.47
0.465
0.465
0.475
0.475
0.475
0.475
0.475
0.48
0.477
0.482
0.485
0.485
0.49
0.49
0.482
0.482
0.485
0.49
0.492
0.495
0.499
0.49
0.485
0.48
0.475
0.473
0.473
0.473
0.475
0.477
0.48
0.48
0.485
0.482
0.487
0.49
0.499
0.507
0.514
0.519
0.531
0.534
0.538
0.541
0.538
0.531
0.536
0.538
0.536
0.543
0.541
0.543
0.543
0.538
0.538
0.536
0.529
0.524
0.524
0.519
0.529
0.524
0.521
0.526
0.516
0.509
0.509
0.502
0.497
0.495
0.49
0.48
0.473
0.465
0.465
0.46
0.463
0.463
0.47
0.473
0.48
0.482
0.48
0.48
0.47
0.463
0.463
0.47
0.465
0.465
0.458
0.451
0.446
0.446
0.451
0.458
0.47
0.48
0.482
0.48
0.48
0.48
0.48
0.485
0.492
0.492
0.495
0.499
0.499
0.502
0.509
0.509
0.509
0.504
0.495
0.49
0.485
0.482
0.492
0.495
0.492
0.495
0.487
0.485
0.49
0.49
0.49
0.495
0.495
0.495
0.502
0.507
0.514
0.519
0.529
0.529
0.531
0.538
0.531
0.534
0.536
0.536
0.534
0.534
0.529
0.524
0.519
0.514
0.514
0.509
0.514
0.519
0.512
0.507
0.502
0.495
0.495
0.495
0.495
0.499
0.504
0.512
0.514
0.516
0.514
0.514
0.524
0.529
0.529
0.524
0.516
0.512
0.509
0.502
0.502
0.499
0.495
0.495
0.495
0.497
0.495
0.499
0.499
0.504
0.504
0.507
0.509
0.509
0.509
0.507
0.509
0.509
0.512
0.507
0.504
0.509
0.507
0.507
0.507
0.507
0.499
0.497
0.495
0.502
0.509
0.519
0.524
0.524
0.524
0.524
0.529
0.529
0.531
0.534
0.531
0.534
0.526
0.531
0.529
0.524
0.529
0.529
0.538
0.541
0.548
0.548
0.551
0.558
0.553
0.558
0.558
0.558
0.558
0.548
0.541
0.529
0.524
0.519
0.521
0.531
0.536
0.538
0.529
0.519
0.514
0.514
0.521
0.521
0.524
0.516
0.512
0.509
0.499
0.504
0.497
0.485
0.473
0.453
0.424
0.392
0.365
0.333
0.304
0.28
0.258
0.287
0.363
0.441
0.529
0.57
0.595
0.602
0.548
0.504
0.504
0.475
0.495
0.57
0.621
0.639
0.602
0.543
0.495
0.482
0.521
0.578
0.629
0.646
0.631
0.609
0.58
0.573
0.578
0.6
0.604
0.604
0.59
0.568
0.546
0.531
0.529
0.521
0.521
0.514
0.512
0.504
0.49
0.49
0.475
0.47
0.47
0.475
0.47
0.46
0.451
0.446
0.451
0.436
0.429
0.416
0.411
0.404
0.402
0.392
0.382
0.372
0.365
0.363
0.355
0.355
0.353
0.353
0.343
0.343
0.336
0.338
0.331
0.324
0.314
0.328
0.365
0.426
0.47
0.514
0.514
0.502
0.47
0.455
0.473
0.524
0.578
0.629
0.658
0.661
0.646
0.626
0.621
0.631
0.651
0.656
0.663
0.651
0.631
0.617
0.6
0.597
0.587
0.58
0.57
0.543
0.524
0.49
0.482
0.47
0.46
0.446
0.429
0.421
0.409
0.404
0.402
0.392
0.392
0.382
0.392
0.387
0.385
0.382
0.385
0.392
0.407
0.426
0.441
0.451
0.47
0.47
0.465
0.446
0.424
0.426
0.433
0.446
0.465
0.47
0.47
0.475
0.473
0.473
0.48
0.475
0.48
0.485
0.492
0.499
0.504
0.502
0.495
0.49
0.495
0.492
0.504
0.516
0.509
0.499
0.485
0.477
0.473
0.47
0.46
0.451
0.451
0.455
0.465
0.465
0.46
0.46
0.47
0.485
0.499
0.509
0.514
0.529
0.534
0.538
0.538
0.538
0.534
0.538
0.531
0.524
0.519
0.514
0.519
0.521
0.526
0.538
0.543
0.546
0.546
0.541
0.531
0.524
0.524
0.521
0.526
0.529
0.531
0.529
0.524
0.516
0.514
0.509
0.504
0.504
0.499
0.502
0.499
0.499
0.504
0.514
0.514
0.514
0.521
0.524
0.524
0.531
0.534
0.534
0.529
0.529
0.531
0.538
0.543
0.553
0.553
0.551
0.538
0.534
0.529
0.524
0.516
0.514
0.514
0.509
0.507
0.504
0.502
0.502
0.499
0.499
0.499
0.504
0.509
0.514
0.514
0.512
0.512
0.514
0.516
0.519
0.519
0.519
0.519
0.509
0.504
0.499
0.492
0.487
0.482
0.47
0.465
0.46
0.455
0.453
0.451
0.455
0.458
0.455
0.458
0.46
0.455
0.453
0.455
0.455
0.46
0.465
0.473
0.47
0.463
0.463
0.451
0.443
0.443
0.451
0.453
0.451
0.451
0.446
0.443
0.441
0.448
0.446
0.443
0.446
0.448
0.441
0.433
0.431
0.431
0.429
0.431
0.429
0.416
0.404
0.402
0.404
0.397
0.402
0.397
0.387
0.387
0.387
0.385
0.375
0.37
0.368
0.363
0.36
0.36
0.363
0.353
0.348
0.348
0.346
0.343
0.343
0.348
0.348
0.346
0.346
0.348
0.346
0.343
0.343
0.343
0.343
0.343
0.348
0.343
0.338
0.333
0.336
0.328
0.328
0.333
0.331
0.328
0.331
0.336
0.333
0.326
0.324
0.324
0.319
0.319
0.319
0.316
0.316
0.316
0.316
0.316
0.319
0.324
0.321
0.324
0.321
0.321
0.316
0.314
0.309
0.314
0.309
0.304
0.304
0.304
0.302
0.297
0.292
0.289
0.284
0.28
0.27
0.265
0.255
0.255
0.255
0.255
0.255
0.26
0.258
0.25
0.245
0.245
0.245
0.245
0.248
0.245
0.245
0.25
0.253
0.26
0.263
0.265
0.265
0.265
0.265
0.265
0.27
0.275
0.284
0.284
0.28
0.277
0.275
0.27
0.265
0.265
0.265
0.275
0.284
0.289
0.294
0.292
0.28
0.275
0.265
0.27
0.272
0.284
0.294
0.309
0.309
0.304
0.294
0.289
0.289
0.289
0.284
0.289
0.292
0.294
0.294
0.297
0.304
0.304
0.306
0.304
0.314
0.314
0.314
0.314
0.314
0.309
0.306
0.309
0.309
0.309
0.306
0.309
0.309
0.309
0.306
0.309
0.309
0.316
0.319
0.319
0.324
0.324
0.328
0.333
0.338
0.336
0.343
0.343
0.348
0.353
0.355
0.358
0.363
0.365
0.368
0.377
0.377
0.382
0.382
0.382
0.382
0.382
0.382
0.387
0.392
0.392
0.394
0.397
0.397
0.402
0.402
0.411
0.414
0.416
0.416
0.414
0.414
0.411
0.414
0.421
0.421
0.421
0.424
0.426
0.424
0.421
0.429
0.429
0.426
0.433
0.436
0.441
0.441
0.443
0.443
0.441
0.441
0.446
0.448
0.441
0.441
0.446
0.446
0.443
0.441
0.438
0.431
0.429
0.431
0.433
0.433
0.441
0.446
0.453
0.47
0.49
0.49
0.49
0.49
0.485
0.49
0.495
0.499
0.495
0.492
0.492
0.495
0.495
0.49
0.49
0.482
0.482
0.48
0.475
0.473
0.473
0.473
0.47
0.47
0.463
0.455
0.451
0.451
0.446
0.441
0.438
0.431
0.426
0.426
0.419
0.416
0.411
0.407
0.397
0.385
0.38
0.375
0.375
0.375
0.372
0.368
0.368
0.372
0.368
0.363
0.363
0.358
0.355
0.353
0.355
0.355
0.363
0.365
0.368
0.372
0.375
0.377
0.382
0.382
0.389
0.394
0.397
0.397
0.397
0.397
0.399
0.399
0.402
0.402
0.402
0.399
0.394
0.392
0.382
0.372
0.365
0.363
0.358
0.358
0.355
0.35
0.353
0.35
0.346
0.336
0.333
0.338
0.338
0.338
0.346
0.348
0.348
0.346
0.343
0.338
0.343
0.336
0.343
0.343
0.348
0.358
0.368
0.368
0.368
0.372
0.372
0.37
0.368
0.372
0.375
0.377
0.377
0.377
0.38
0.372
0.372
0.375
0.382
0.377
0.377
0.382
0.387
0.382
0.382
0.387
0.385
0.385
0.385
0.397
0.397
0.397
0.392
0.394
0.402
0.377
0.402
0.402
0.411
0.411
0.394
0.375
0.372
0.38
0.404
0.429
0.451
0.465
0.465
0.463
0.455
0.451
0.455
0.451
0.453
0.453
0.455
0.455
0.458
0.46
0.465
0.47
0.473
0.475
0.48
0.487
0.487
0.482
0.485
0.49
0.499
0.502
0.507
0.502
0.495
0.482
0.485
0.482
0.485
0.49
0.495
0.495
0.49
0.482
0.482
0.482
0.482
0.485
0.49
0.492
0.48
0.475
0.47
0.47
0.465
0.46
0.46
0.463
0.47
0.475
0.48
0.492
0.497
0.495
0.485
0.482
0.48
0.482
0.49
0.495
0.502
0.499
0.49
0.485
0.485
0.487
0.492
0.502
0.507
0.509
0.507
0.512
0.509
0.514
0.524
0.529
0.529
0.519
0.519
0.519
0.521
0.529
0.536
0.538
0.531
0.521
0.514
0.509
0.504
0.509
0.516
0.519
0.514
0.509
0.507
0.499
0.495
0.497
0.502
0.507
0.509
0.507
0.504
0.499
0.487
0.485
0.492
0.497
0.502
0.504
0.507
0.509
0.512
0.514
0.524
0.529
0.534
0.534
0.538
0.538
0.543
0.543
0.541
0.538
0.529
0.524
0.519
0.521
0.521
0.524
0.521
0.512
0.509
0.509
0.519
0.529
0.538
0.531
0.526
0.516
0.509
0.512
0.526
0.541
0.538
0.526
0.509
0.499
0.495
0.502
0.507
0.512
0.514
0.514
0.514
0.519
0.514
0.519
0.529
0.516
0.519
0.521
0.529
0.529
0.529
0.529
0.519
0.504
0.495
0.492
0.499
0.514
0.524
0.529
0.524
0.514
0.514
0.519
0.521
0.519
0.514
0.504
0.495
0.495
0.495
0.499
0.492
0.48
0.473
0.458
0.446
0.438
0.436
0.436
0.441
0.436
0.436
0.433
0.433
0.431
0.436
0.443
0.446
0.446
0.446
0.441
0.441
0.443
0.451
0.453
0.458
0.46
0.46
0.458
0.453
0.453
0.453
0.451
0.453
0.451
0.451
0.446
0.441
0.441
0.436
0.436
0.441
0.436
0.426
0.421
0.414
0.411
0.407
0.402
0.397
0.394
0.394
0.392
0.385
0.382
0.372
0.375
0.38
0.38
0.385
0.392
0.387
0.382
0.382
0.38
0.382
0.392
0.402
0.411
0.421
0.429
0.426
0.421
0.421
0.421
0.421
0.426
0.431
0.426
0.424
0.421
0.416
0.424
0.441
0.451
0.451
0.436
0.416
0.407
0.407
0.426
0.453
0.477
0.49
0.473
0.441
0.411
0.387
0.389
0.416
0.441
0.458
0.465
0.455
0.441
0.433
0.429
0.431
0.443
0.451
0.453
0.455
0.46
0.463
0.47
0.477
0.477
0.475
0.47
0.47
0.465
0.47
0.475
0.48
0.485
0.49
0.49
0.48
0.475
0.47
0.465
0.465
0.47
0.473
0.47
0.477
0.48
0.477
0.48
0.48
0.48
0.485
0.495
0.499
0.507
0.509
0.504
0.504
0.507
0.504
0.514
0.519
0.534
0.531
0.529
0.521
0.519
0.521
0.529
0.534
0.543
0.546
0.548
0.546
0.546
0.541
0.543
0.548
0.548
0.551
0.553
0.548
0.543
0.538
0.536
0.536
0.534
0.538
0.529
0.529
0.524
0.524
0.524
0.526
0.524
0.516
0.514
0.512
0.512
0.509
0.507
0.507
0.509
0.521
0.531
0.538
0.543
0.538
0.536
0.541
0.548
0.558
0.568
0.568
0.563
0.551
0.536
0.529
0.519
0.514
0.514
0.509
0.502
0.495
0.485
0.485
0.48
0.482
0.48
0.475
0.473
0.473
0.48
0.49
0.499
0.509
0.509
0.516
0.524
0.541
0.558
0.582
0.609
0.641
0.668
0.697
0.729
0.756
0.783
0.8
0.81
0.812
0.812
0.802
0.795
0.783
0.763
0.736
0.695
0.646
0.578
0.504
0.429
0.363
0.314
0.255
0.187
0.143
0.106
0.094
0.074
0.04
-0.026
-0.106
-0.194
-0.111
-0.082
-0.04
-0.07
-0.101
-0.126
-0.126
-0.096
-0.084
-0.084
-0.104
-0.116
-0.101
-0.077
-0.062
-0.084
-0.109
-0.126
-0.111
-0.082
-0.067
-0.072
-0.094
-0.116
-0.116
-0.099
-0.082
-0.072
-0.084
-0.096
-0.101
-0.087
-0.07
-0.065
-0.067
-0.079
-0.089
-0.087
-0.077
-0.072
-0.077
-0.087
-0.094
-0.096
-0.092
-0.084
-0.082
-0.082
-0.077
-0.072
-0.072
-0.077
-0.074
-0.072
-0.067
-0.067
-0.067
-0.077
-0.072
-0.07
-0.065
-0.062
-0.06
-0.062
-0.062
-0.057
-0.053
-0.048
-0.04
-0.04
0.023
0.661
1.222
1.523
1.623
1.574
1.354
1.105
0.932
0.841
0.856
0.978
1.107
1.147
1.078
0.939
0.812
0.797
0.89
1.027
1.154
1.244
1.261
1.217
1.144
1.046
0.958
0.875
0.802
0.739
0.675
0.604
0.526
0.451
0.382
0.306
0.258
0.219
0.16
0.116
0.099
0.079
0.065
0.038
0.048
0.05
0.06
0.038
0.026
0.028
0.011
-0.009
-0.001
0.021
0.048
0.104
0.16
0.199
0.219
0.231
0.221
0.238
0.184
0.201
0.827
1.33
1.518
1.242
0.68
0.336
0.372
0.465
0.392
0.548
0.958
1.364
1.554
1.505
1.271
1.037
0.863
0.807
0.868
0.976
1.095
1.129
1.059
0.934
0.824
0.773
0.77
0.783
0.783
0.758
0.729
0.68
0.658
0.648
0.67
0.705
0.753
0.805
0.812
0.778
0.734
0.697
0.685
0.695
0.719
0.729
0.714
0.675
0.631
0.592
0.587
0.595
0.612
0.612
0.582
0.546
0.502
0.475
0.46
0.46
0.46
0.458
0.453
0.443
0.431
0.414
0.411
0.416
0.426
0.441
0.441
0.436
0.426
0.421
0.416
0.429
0.446
0.473
0.502
0.516
0.531
0.541
0.543
0.558
0.573
0.587
0.6
0.607
0.612
0.602
0.602
0.607
0.607
0.621
0.631
0.646
0.648
0.646
0.646
0.641
0.636
0.626
0.617
0.597
0.578
0.563
0.553
0.543
0.541
0.546
0.548
0.543
0.546
0.538
0.526
0.514
0.509
0.512
0.526
0.541
0.546
0.543
0.538
0.526
0.519
0.519
0.529
0.534
0.538
0.538
0.529
0.519
0.519
0.524
0.534
0.541
0.548
0.553
0.548
0.548
0.546
0.546
0.543
0.548
0.553
0.553
0.563
0.563
0.56
0.56
0.553
0.556
0.558
0.558
0.558
0.56
0.558
0.553
0.548
0.548
0.536
0.529
0.521
0.516
0.519
0.519
0.529
0.529
0.529
0.524
0.521
0.516
0.509
0.499
0.49
0.485
0.477
0.475
0.475
0.482
0.495
0.499
0.504
0.499
0.495
0.49
0.495
0.495
0.502
0.504
0.514
0.519
0.529
0.538
0.534
0.534
0.529
0.526
0.524
0.524
0.534
0.536
0.538
0.538
0.534
0.534
0.534
0.534
0.536
0.538
0.538
0.538
0.536
0.529
0.519
0.519
0.519
0.519
0.521
0.529
0.526
0.519
0.519
0.504
0.502
0.504
0.504
0.509
0.507
0.509
0.507
0.507
0.519
0.516
0.521
0.524
0.531
0.534
0.529
0.531
0.524
0.529
0.529
0.529
0.538
0.541
0.548
0.543
0.543
0.543
0.548
0.551
0.548
0.551
0.543
0.538
0.529
0.529
0.521
0.538
0.548
0.553
0.553
0.548
0.548
0.556
0.568
0.573
0.582
0.585
0.597
0.612
0.619
0.634
0.636
0.641
0.639
0.646
0.653
0.651
0.656
0.651
0.656
0.668
0.668
0.656
0.641
0.629
0.629
0.636
0.641
0.636
0.629
0.617
0.607
0.602
0.597
0.602
0.621
0.643
0.661
0.675
0.675
0.656
0.636
0.621
0.604
0.602
0.602
0.607
0.597
0.578
0.558
0.538
0.529
0.521
0.519
0.516
0.524
0.531
0.538
0.529
0.519
0.514
0.492
0.463
0.436
0.431
0.431
0.426
0.455
0.47
0.455
0.455
0.455
0.451
0.453
0.455
0.455
0.451
0.451
0.463
0.473
0.475
0.475
0.47
0.47
0.475
0.485
0.504
0.509
0.516
0.529
0.541
0.543
0.538
0.521
0.507
0.499
0.499
0.502
0.504
0.514
0.521
0.529
0.538
0.546
0.553
0.558
0.558
0.553
0.548
0.543
0.551
0.56
0.568
0.58
0.582
0.597
0.609
0.617
0.621
0.626
0.636
0.639
0.646
0.646
0.648
0.646
0.656
0.656
0.658
0.653
0.646
0.636
0.636
0.631
0.631
0.631
0.641
0.646
0.648
0.653
0.653
0.646
0.646
0.626
0.597
0.578
0.558
0.563
0.582
0.595
0.602
0.597
0.59
0.595
0.592
0.6
0.597
0.582
0.578
0.563
0.563
0.568
0.558
0.553
0.551
0.538
0.534
0.534
0.524
0.519
0.509
0.509
0.502
0.492
0.482
0.475
0.475
0.465
0.46
0.458
0.451
0.453
0.455
0.465
0.477
0.48
0.482
0.477
0.48
0.49
0.504
0.514
0.524
0.521
0.524
0.531
0.529
0.538
0.56
0.563
0.57
0.568
0.563
0.568
0.565
0.568
0.568
0.565
0.558
0.548
0.543
0.536
0.538
0.543
0.538
0.534
0.519
0.507
0.499
0.485
0.473
0.463
0.46
0.465
0.465
0.46
0.46
0.46
0.455
0.453
0.451
0.451
0.451
0.453
0.463
0.465
0.475
0.482
0.487
0.477
0.455
0.446
0.441
0.451
0.47
0.485
0.497
0.499
0.492
0.492
0.492
0.502
0.512
0.524
0.531
0.534
0.531
0.519
0.516
0.524
0.531
0.548
0.558
0.56
0.56
0.551
0.538
0.534
0.531
0.538
0.529
0.521
0.512
0.499
0.499
0.502
0.504
0.509
0.502
0.495
0.49
0.48
0.482
0.482
0.495
0.49
0.49
0.48
0.47
0.465
0.46
0.463
0.46
0.46
0.455
0.451
0.46
0.458
0.465
0.475
0.485
0.497
0.504
0.512
0.514
0.519
0.529
0.529
0.531
0.529
0.519
0.529
0.529
0.531
0.526
0.516
0.504
0.495
0.499
0.495
0.497
0.497
0.48
0.47
0.46
0.451
0.446
0.438
0.433
0.441
0.436
0.441
0.436
0.433
0.441
0.453
0.463
0.465
0.46
0.446
0.431
0.431
0.431
0.441
0.46
0.47
0.465
0.46
0.441
0.441
0.443
0.451
0.46
0.458
0.465
0.46
0.458
0.453
0.436
0.441
0.438
0.443
0.448
0.443
0.443
0.431
0.416
0.411
0.402
0.407
0.416
0.416
0.421
0.411
0.404
0.392
0.382
0.377
0.382
0.394
0.402
0.394
0.392
0.377
0.368
0.358
0.353
0.353
0.355
0.372
0.38
0.375
0.368
0.363
0.363
0.358
0.353
0.353
0.353
0.353
0.343
0.338
0.328
0.341
0.346
0.343
0.338
0.333
0.326
0.316
0.314
0.314
0.319
0.333
0.338
0.343
0.333
0.333
0.324
0.319
0.333
0.333
0.348
0.348
0.348
0.338
0.336
0.328
0.324
0.314
0.304
0.309
0.304
0.309
0.304
0.299
0.289
0.284
0.275
0.277
0.275
0.27
0.27
0.26
0.265
0.263
0.267
0.272
0.272
0.272
0.275
0.263
0.265
0.265
0.28
0.294
0.314
0.324
0.324
0.306
0.297
0.287
0.292
0.306
0.324
0.328
0.324
0.324
0.326
0.333
0.333
0.333
0.333
0.341
0.355
0.358
0.37
0.375
0.375
0.368
0.363
0.36
0.372
0.385
0.387
0.382
0.377
0.377
0.372
0.392
0.387
0.392
0.389
0.389
0.402
0.411
0.429
0.443
0.465
0.465
0.46
0.441
0.436
0.429
0.436
0.453
0.465
0.48
0.48
0.473
0.465
0.46
0.451
0.438
0.433
0.429
0.446
0.465
0.485
0.499
0.492
0.48
0.458
0.448
0.443
0.446
0.465
0.48
0.485
0.48
0.475
0.47
0.475
0.465
0.455
0.441
0.433
0.441
0.451
0.47
0.48
0.475
0.46
0.441
0.426
0.416
0.407
0.411
0.424
0.441
0.446
0.438
0.424
0.399
0.382
0.382
0.392
0.407
0.411
0.414
0.404
0.382
0.372
0.365
0.365
0.368
0.365
0.355
0.348
0.336
0.336
0.343
0.346
0.348
0.343
0.328
0.321
0.321
0.336
0.338
0.336
0.331
0.328
0.319
0.319
0.319
0.324
0.316
0.304
0.302
0.294
0.299
0.306
0.314
0.314
0.309
0.294
0.284
0.289
0.299
0.316
0.326
0.328
0.326
0.326
0.333
0.333
0.331
0.336
0.324
0.319
0.319
0.324
0.336
0.343
0.343
0.341
0.326
0.319
0.316
0.319
0.328
0.324
0.328
0.326
0.319
0.321
0.324
0.319
0.324
0.324
0.326
0.319
0.314
0.309
0.314
0.319
0.316
0.316
0.314
0.309
0.324
0.324
0.333
0.338
0.333
0.333
0.326
0.324
0.324
0.326
0.341
0.343
0.346
0.336
0.333
0.343
0.346
0.358
0.365
0.37
0.372
0.368
0.375
0.368
0.365
0.368
0.372
0.385
0.377
0.382
0.377
0.377
0.38
0.387
0.397
0.402
0.409
0.414
0.424
0.438
0.451
0.453
0.451
0.443
0.441
0.448
0.46
0.482
0.492
0.492
0.49
0.487
0.482
0.49
0.502
0.509
0.514
0.509
0.514
0.502
0.507
0.512
0.526
0.541
0.543
0.548
0.538
0.524
0.519
0.514
0.521
0.529
0.538
0.541
0.534
0.519
0.507
0.499
0.499
0.504
0.507
0.502
0.495
0.495
0.482
0.48
0.475
0.475
0.47
0.46
0.463
0.455
0.46
0.46
0.475
0.482
0.482
0.48
0.48
0.48
0.485
0.495
0.499
0.495
0.49
0.47
0.465
0.46
0.451
0.441
0.429
0.419
0.411
0.402
0.397
0.392
0.397
0.397
0.404
0.399
0.392
0.382
0.377
0.375
0.377
0.375
0.368
0.368
0.368
0.372
0.368
0.365
0.358
0.36
0.368
0.358
0.353
0.353
0.346
0.35
0.348
0.353
0.353
0.353
0.346
0.346
0.348
0.346
0.338
0.328
0.324
0.326
0.333
0.35
0.353
0.353
0.343
0.336
0.331
0.346
0.368
0.372
0.363
0.35
0.353
0.363
0.392
0.402
0.411
0.409
0.411
0.416
0.424
0.441
0.451
0.463
0.47
0.46
0.46
0.463
0.46
0.465
0.47
0.47
0.465
0.465
0.463
0.458
0.451
0.446
0.443
0.441
0.448
0.451
0.451
0.446
0.441
0.441
0.443
0.446
0.451
0.451
0.455
0.46
0.46
0.463
0.46
0.455
0.453
0.46
0.463
0.47
0.47
0.473
0.47
0.475
0.485
0.495
0.502
0.504
0.504
0.499
0.499
0.499
0.499
0.502
0.502
0.509
0.514
0.519
0.524
0.526
0.538
0.546
0.553
0.558
0.568
0.568
0.553
0.538
0.529
0.519
0.521
0.538
0.565
0.578
0.578
0.56
0.543
0.538
0.546
0.56
0.582
0.587
0.585
0.58
0.563
0.56
0.57
0.582
0.587
0.592
0.585
0.578
0.57
0.568
0.568
0.568
0.568
0.568
0.568
0.56
0.563
0.568
0.573
0.578
0.58
0.585
0.582
0.582
0.58
0.58
0.578
0.573
0.56
0.553
0.548
0.551
0.558
0.563
0.563
0.56
0.548
0.538
0.529
0.534
0.534
0.531
0.519
0.507
0.49
0.475
0.47
0.465
0.47
0.46
0.455
0.446
0.436
0.436
0.433
0.431
0.431
0.431
0.436
0.451
0.46
0.47
0.47
0.47
0.47
0.46
0.453
0.455
0.451
0.455
0.455
0.458
0.46
0.453
0.451
0.446
0.436
0.443
0.436
0.436
0.438
0.438
0.431
0.419
0.404
0.402
0.404
0.411
0.421
0.424
0.414
0.397
0.382
0.368
0.368
0.372
0.387
0.407
0.404
0.402
0.394
0.387
0.389
0.389
0.402
0.407
0.411
0.421
0.421
0.421
0.414
0.426
0.431
0.443
0.453
0.46
0.455
0.451
0.443
0.441
0.455
0.46
0.473
0.473
0.47
0.465
0.446
0.433
0.411
0.411
0.407
0.426
0.433
0.436
0.433
0.414
0.404
0.411
0.421
0.424
0.431
0.421
0.416
0.416
0.429
0.443
0.453
0.463
0.455
0.451
0.431
0.431
0.431
0.443
0.46
0.463
0.463
0.455
0.451
0.451
0.455
0.465
0.46
0.455
0.441
0.436
0.441
0.451
0.47
0.482
0.49
0.487
0.48
0.48
0.495
0.512
0.538
0.553
0.551
0.543
0.529
0.521
0.529
0.541
0.556
0.568
0.56
0.568
0.57
0.578
0.585
0.592
0.585
0.585
0.59
0.592
0.587
0.59
0.592
0.592
0.592
0.59
0.585
0.578
0.563
0.553
0.538
0.524
0.516
0.516
0.514
0.514
0.512
0.507
0.504
0.502
0.497
0.49
0.49
0.49
0.485
0.475
0.455
0.438
0.431
0.433
0.441
0.453
0.46
0.455
0.446
0.431
0.424
0.426
0.433
0.438
0.441
0.433
0.421
0.416
0.411
0.402
0.402
0.402
0.392
0.385
0.385
0.38
0.382
0.382
0.385
0.392
0.397
0.399
0.394
0.382
0.368
0.35
0.343
0.336
0.348
0.36
0.375
0.392
0.392
0.387
0.372
0.36
0.353
0.368
0.38
0.382
0.38
0.372
0.38
0.394
0.431
0.455
0.47
0.451
0.436
0.421
0.429
0.443
0.46
0.48
0.475
0.458
0.436
0.424
0.421
0.436
0.453
0.463
0.465
0.463
0.451
0.443
0.451
0.46
0.47
0.49
0.514
0.534
0.548
0.541
0.529
0.507
0.492
0.492
0.49
0.49
0.485
0.49
0.492
0.504
0.519
0.534
0.543
0.548
0.546
0.534
0.521
0.514
0.512
0.512
0.509
0.499
0.499
0.512
0.521
0.548
0.575
0.614
0.646
0.663
0.7
0.729
0.739
0.734
0.712
0.69
0.685
0.695
0.714
0.726
0.746
0.763
0.792
0.812
0.822
0.81
0.797
0.783
0.758
0.734
0.707
0.685
0.67
0.665
0.661
0.643
0.626
0.573
0.504
0.436
0.377
0.324
0.275
0.25
0.265
0.35
0.553
0.575
0.607
0.692
0.514
0.094
-0.148
-0.033
0.499
0.519
0.284
0.57
0.748
0.433
-0.07
-0.121
-0.035
0.065
0.226
0.284
0.275
0.231
0.148
0.092
0.116
0.197
0.289
0.36
0.392
0.377
0.341
0.316
0.316
0.348
0.394
0.424
0.424
0.399
0.363
0.338
0.341
0.365
0.394
0.426
0.436
0.443
0.451
0.46
0.477
0.499
0.531
0.556
0.573
0.568
0.546
0.519
0.504
0.512
0.521
0.531
0.531
0.499
0.482
0.485
0.519
0.59
0.695
0.788
0.834
0.817
0.783
0.758
0.748
0.775
0.795
0.783
0.724
0.646
0.565
0.499
0.465
0.441
0.416
0.394
0.363
0.328
0.309
0.304
0.304
0.316
0.343
0.331
0.392
0.387
0.387
0.372
0.353
0.358
0.343
0.333
0.324
0.319
0.365
0.431
0.47
0.502
0.504
0.509
0.507
0.514
0.521
0.536
0.548
0.568
0.59
0.602
0.612
0.609
0.629
0.656
0.687
0.697
0.705
0.705
0.719
0.734
0.744
0.739
0.709
0.675
0.636
0.609
0.592
0.595
0.597
0.607
0.6
0.582
0.553
0.536
0.519
0.514
0.502
0.551
0.582
0.6
0.573
0.551
0.57
0.558
0.531
0.492
0.519
0.548
0.551
0.477
0.365
0.304
0.292
0.343
0.402
0.465
0.521
0.538
0.529
0.49
0.431
0.387
0.363
0.358
0.368
0.375
0.382
0.387
0.402
0.419
0.446
0.482
0.514
0.529
0.524
0.512
0.499
0.495
0.502
0.529
0.558
0.582
0.6
0.617
0.624
0.626
0.626
0.629
0.634
0.631
0.619
0.592
0.575
0.551
0.538
0.526
0.524
0.519
0.509
0.499
0.485
0.495
0.529
0.58
0.609
0.617
0.6
0.585
0.578
0.57
0.573
0.553
0.531
0.499
0.475
0.46
0.47
0.465
0.49
0.495
0.49
0.465
0.441
0.421
0.407
0.411
0.424
0.446
0.465
0.487
0.487
0.485
0.48
0.475
0.48
0.48
0.495
0.509
0.529
0.551
0.56
0.578
0.573
0.573
0.578
0.582
0.6
0.609
0.617
0.621
0.617
0.621
0.619
0.626
0.629
0.629
0.631
0.626
0.631
0.639
0.651
0.665
0.665
0.656
0.641
0.619
0.602
0.58
0.56
0.548
0.529
0.521
0.504
0.49
0.49
0.487
0.49
0.504
0.504
0.499
0.492
0.482
0.482
0.475
0.48
0.48
0.48
0.487
0.49
0.495
0.499
0.497
0.509
0.524
0.534
0.546
0.548
0.543
0.538
0.538
0.551
0.556
0.558
0.568
0.568
0.578
0.578
0.568
0.573
0.575
0.58
0.582
0.57
0.578
0.573
0.57
0.57
0.568
0.568
0.568
0.563
0.573
0.585
0.587
0.592
0.597
0.592
0.59
0.59
0.585
0.587
0.592
0.592
0.6
0.6
0.592
0.59
0.58
0.582
0.582
0.578
0.57
0.568
0.558
0.558
0.607
0.643
0.661
0.641
0.631
0.646
0.634
0.587
0.573
0.602
0.67
0.675
0.641
0.585
0.529
0.492
0.499
0.507
0.529
0.57
0.607
0.629
0.636
0.602
0.568
0.531
0.499
0.487
0.485
0.49
0.509
0.509
0.502
0.497
0.477
0.453
0.451
0.441
0.446
0.46
0.46
0.453
0.446
0.431
0.419
0.411
0.409
0.421
0.429
0.443
0.485
0.524
0.512
0.48
0.426
0.392
0.385
0.407
0.443
0.47
0.47
0.441
0.392
0.363
0.353
0.368
0.402
0.424
0.416
0.394
0.377
0.372
0.382
0.392
0.402
0.409
0.411
0.407
0.407
0.416
0.431
0.436
0.441
0.441
0.433
0.426
0.426
0.431
0.436
0.438
0.446
0.446
0.453
0.465
0.463
0.465
0.48
0.475
0.475
0.485
0.49
0.495
0.499
0.509
0.536
0.548
0.558
0.56
0.558
0.56
0.551
0.553
0.57
0.582
0.602
0.621
0.626
0.619
0.612
0.597
0.6
0.6
0.619
0.631
0.636
0.641
0.631
0.631
0.631
0.626
0.636
0.636
0.639
0.646
0.634
0.631
0.626
0.621
0.629
0.631
0.636
0.634
0.626
0.636
0.646
0.663
0.675
0.673
0.661
0.651
0.646
0.658
0.678
0.705
0.726
0.734
0.734
0.731
0.734
0.719
0.709
0.695
0.687
0.687
0.68
0.656
0.626
0.592
0.57
0.563
0.56
0.58
0.59
0.587
0.56
0.529
0.49
0.47
0.487
0.519
0.578
0.621
0.648
0.648
0.614
0.587
0.563
0.558
0.568
0.578
0.587
0.573
0.551
0.512
0.495
0.492
0.529
0.573
0.612
0.621
0.619
0.607
0.597
0.602
0.621
0.636
0.651
0.665
0.663
0.658
0.663
0.656
0.646
0.656
0.648
0.646
0.626
0.619
0.614
0.621
0.636
0.646
0.651
0.648
0.656
0.651
0.663
0.658
0.668
0.675
0.69
0.7
0.69
0.673
0.641
0.621
0.602
0.604
0.612
0.626
0.636
0.646
0.656
0.661
0.678
0.692
0.702
0.709
0.712
0.709
0.709
0.707
0.705
0.709
0.712
0.719
0.717
0.719
0.717
0.719
0.712
0.705
0.687
0.68
0.678
0.678
0.683
0.687
0.695
0.695
0.7
0.697
0.695
0.685
0.675
0.663
0.656
0.648
0.641
0.643
0.639
0.636
0.631
0.626
0.626
0.626
0.626
0.626
0.626
0.636
0.639
0.653
0.675
0.695
0.719
0.736
0.758
0.763
0.766
0.758
0.758
0.758
0.758
0.758
0.763
0.763
0.768
0.773
0.773
0.778
0.792
0.797
0.805
0.802
0.802
0.792
0.778
0.758
0.734
0.709
0.692
0.665
0.641
0.617
0.595
0.578
0.56
0.558
0.551
0.536
0.553
0.578
0.57
0.578
0.612
0.639
0.656
0.663
0.646
0.597
0.548
0.509
0.473
0.46
0.453
0.433
0.404
0.363
0.314
0.248
0.17
0.082
0.013
-0.026
-0.038
-0.021
-0.004
0.006
-0.013
-0.038
-0.057
-0.065
-0.067
-0.067
-0.084
-0.101
-0.106
-0.099
-0.067
-0.048
-0.038
-0.045
-0.055
-0.05
-0.033
-0.018
-0.009
-0.006
-0.013
-0.004
0.006
0.016
0.021
0.035
0.06
0.072
0.226
0.817
1.352
1.496
1.554
1.545
1.53
1.518
1.484
1.432
1.317
1.134
0.875
0.538
0.211
-0.067
-0.223
-0.258
-0.177
-0.07
-0.031
-0.072
-0.145
-0.194
-0.189
-0.133
0.123
0.455
0.875
0.206
-0.573
